0.693338 0.693338 1.037476e+00 1.037346e-02
0.478265 0.478265 1.613304e+00 1.613301e-02
0.379920 0.379920 7.397969e-01 7.397968e-03
0.616750 0.616750 1.122004e+00 1.121924e-02
0.444786 0.444786 9.671785e-01 9.671764e-03
0.484965 0.484965 1.866363e+00 1.866340e-02
0.553699 0.553699 8.711189e+00 8.711183e-02
0.446761 0.446761 1.378792e+00 1.378778e-02
0.615973 0.615973 1.351985e+00 1.351892e-02
0.537359 0.537359 8.277736e-01 8.277675e-03
0.486002 0.486002 2.459592e+00 2.459589e-02
0.475502 0.475502 1.013344e+00 1.013340e-02
0.672660 0.672660 1.564633e+00 1.564324e-02
0.583446 0.583446 1.594250e+01 1.594208e-01
0.272141 0.272141 8.486861e-01 8.486857e-03
0.419024 0.419024 1.567043e+00 1.567043e-02
0.443399 0.443399 2.134900e+00 2.134891e-02
0.596230 0.596230 2.688760e+00 2.688740e-02
0.433269 0.433269 1.521950e+00 1.521936e-02
0.294640 0.294640 1.219643e+00 1.219643e-02
0.711507 0.711507 1.212967e+00 1.212572e-02
0.570867 0.570867 1.274005e+00 1.273979e-02
0.532813 0.532813 1.329043e+00 1.329023e-02
0.502799 0.502799 1.841710e+00 1.841672e-02
0.597007 0.597007 5.145481e+00 5.145407e-02
0.633687 0.633687 1.863952e+00 1.863619e-02
0.693207 0.693207 2.214405e+00 2.214304e-02
0.453749 0.453749 3.307326e+00 3.307291e-02
0.377119 0.377119 9.894736e-01 9.894731e-03
0.567978 0.567978 2.228742e+00 2.228640e-02
0.718067 0.718067 2.276882e+00 2.276611e-02
0.448911 0.448911 6.783049e+00 6.783014e-02
0.507801 0.507801 2.763183e+00 2.763124e-02
0.550047 0.550047 3.850836e+00 3.850642e-02
0.459356 0.459356 4.298902e+00 4.298824e-02
0.671564 0.671564 1.223601e+00 1.223553e-02
0.672195 0.672195 1.563869e+00 1.563487e-02
0.603375 0.603375 3.686089e+00 3.686046e-02
0.550389 0.550389 2.504543e+00 2.504319e-02
0.553317 0.553317 2.998421e+00 2.998230e-02
0.657076 0.657076 2.149779e+00 2.149538e-02
0.600439 0.600439 2.091690e+00 2.091627e-02
0.619479 0.619479 1.642194e+00 1.642147e-02
0.609727 0.609727 2.175918e+00 2.175776e-02
0.606957 0.606957 2.198399e+00 2.198269e-02
0.684067 0.684067 1.629158e+00 1.629121e-02
0.593781 0.593781 1.588796e+00 1.588676e-02
0.671542 0.671542 2.159085e+00 2.158951e-02
0.667214 0.667214 1.510924e+00 1.510816e-02
0.669031 0.669031 1.303311e+00 1.302847e-02
