0.553404 0.553404 7.531694e-01 7.530983e-03
0.636809 0.636809 4.896603e+00 4.896463e-02
0.669811 0.669811 8.319051e-01 8.318979e-03
0.719266 0.719266 1.827061e+00 1.826988e-02
0.781858 0.781858 7.360422e-01 7.360024e-03
0.743355 0.743355 7.025279e+00 7.023973e-02
0.663720 0.663720 2.564927e+00 2.564697e-02
0.897706 0.897706 5.154189e-01 5.144739e-03
0.722315 0.722315 2.018133e+00 2.017880e-02
0.922264 0.922264 2.649672e-01 2.622855e-03
0.722437 0.722437 8.633917e-01 8.632026e-03
0.404861 0.404861 4.595658e-01 4.595658e-03
0.964917 0.964917 2.315943e-01 2.314240e-03
0.547819 0.547819 3.797505e-01 3.797348e-03
