0.890612 0.890612 4.020104e+00 4.016021e-02
0.871310 0.871310 7.957745e+00 7.953119e-02
0.913333 0.913333 1.469215e+00 1.464599e-02
0.888150 0.888150 1.515147e+00 1.512614e-02
0.921077 0.921077 5.055989e-01 5.021065e-03
0.898180 0.898180 2.980364e+00 2.969748e-02
0.896905 0.896905 1.363493e+00 1.361272e-02
0.913075 0.913075 9.643267e-01 9.641842e-03
0.891962 0.891962 1.310430e+00 1.309170e-02
0.909752 0.909752 1.657918e+00 1.652362e-02
0.900172 0.900172 1.722543e+00 1.719635e-02
0.896119 0.896119 1.862586e+00 1.860867e-02
0.874297 0.874297 6.538065e+00 6.531173e-02
0.886609 0.886609 2.834544e+00 2.828114e-02
0.873594 0.873594 5.225442e+00 5.225210e-02
0.869776 0.869776 9.726076e+00 9.705131e-02
0.892284 0.892284 1.277183e+00 1.274651e-02
0.886249 0.886249 1.330963e+00 1.330508e-02
0.871729 0.871729 9.420125e+00 9.409326e-02
0.873699 0.873699 1.177088e+01 1.176021e-01
0.926214 0.926214 2.929595e-01 2.904001e-03
0.878642 0.878642 9.655340e+00 9.652826e-02
0.857151 0.857151 1.945856e+00 1.942130e-02
0.875772 0.875772 4.449734e+00 4.444793e-02
0.900015 0.900015 3.045030e+00 3.039586e-02
0.915753 0.915753 7.886477e-01 7.881324e-03
0.889448 0.889448 4.731484e+00 4.729119e-02
0.885794 0.885794 5.237543e+00 5.235194e-02
0.877931 0.877931 6.136538e+00 6.132345e-02
0.898523 0.898523 3.468095e+00 3.467325e-02
0.894898 0.894898 1.660257e+00 1.657688e-02
0.882532 0.882532 2.387200e+00 2.379620e-02
0.872839 0.872839 6.993938e+00 6.988396e-02
0.892357 0.892357 4.066540e+00 4.064058e-02
0.855740 0.855740 9.022313e+00 9.013417e-02
0.888449 0.888449 2.842680e+00 2.838981e-02
0.883829 0.883829 2.365169e+00 2.359294e-02
0.904742 0.904742 1.636681e+00 1.633994e-02
0.880381 0.880381 4.318531e+00 4.315404e-02
0.922257 0.922257 1.562739e+00 1.555432e-02
0.918189 0.918189 1.220293e+00 1.215055e-02
0.894456 0.894456 3.422974e+00 3.417774e-02
0.898256 0.898256 3.093660e+00 3.089145e-02
0.903940 0.903940 1.749981e+00 1.748640e-02
0.918056 0.918056 8.480921e-01 8.469774e-03
0.898855 0.898855 1.432243e+00 1.427581e-02
0.883561 0.883561 1.920842e+00 1.916255e-02
0.916848 0.916848 6.605475e-01 6.592014e-03
0.883406 0.883406 3.903320e+00 3.898624e-02
0.893602 0.893602 5.100239e+00 5.087232e-02
0.871262 0.871262 7.563977e+00 7.547136e-02
0.922102 0.922102 8.865056e-01 8.838285e-03
0.881382 0.881382 7.287128e+00 7.270235e-02
0.910670 0.910670 1.444965e+00 1.438525e-02
0.895034 0.895034 4.446511e+00 4.434337e-02
0.922220 0.922220 3.750643e-01 3.701790e-03
0.860761 0.860761 6.952043e+00 6.944495e-02
0.897220 0.897220 1.615662e+00 1.610675e-02
0.886595 0.886595 2.150577e+00 2.148110e-02
0.892452 0.892452 1.603280e+00 1.603055e-02
0.868566 0.868566 2.503136e+00 2.499643e-02
0.926950 0.926950 1.006267e+00 1.003690e-02
0.893322 0.893322 3.768718e+00 3.765958e-02
0.904734 0.904734 1.658928e+00 1.651964e-02
0.933886 0.933886 5.795656e-01 5.777933e-03
0.895495 0.895495 1.962819e+00 1.960359e-02
0.917502 0.917502 9.770867e-01 9.708240e-03
0.907025 0.907025 1.272094e+00 1.267038e-02
0.930935 0.930935 4.825507e-01 4.804422e-03
0.931305 0.931305 6.788462e-01 6.729241e-03
0.899850 0.899850 1.379280e+00 1.375679e-02
0.930482 0.930482 4.997601e-01 4.988752e-03
0.905282 0.905282 1.257936e+00 1.254872e-02
0.900814 0.900814 1.527711e+00 1.527306e-02
0.912041 0.912041 1.833228e+00 1.831856e-02
0.911241 0.911241 1.588574e+00 1.585831e-02
0.870587 0.870587 3.685889e+00 3.681834e-02
0.865337 0.865337 6.607073e+00 6.603599e-02
0.867504 0.867504 5.232510e+00 5.229715e-02
0.936875 0.936875 4.567446e-01 4.524809e-03
0.889939 0.889939 2.137670e+00 2.137573e-02
0.904952 0.904952 1.519875e+00 1.512509e-02
0.901197 0.901197 1.585873e+00 1.584958e-02
0.872029 0.872029 3.248485e+00 3.247640e-02
0.900438 0.900438 2.338366e+00 2.332123e-02
0.922071 0.922071 9.703026e-01 9.661578e-03
0.888549 0.888549 6.423701e+00 6.420600e-02
0.917845 0.917845 9.659055e-01 9.650283e-03
0.921820 0.921820 7.475547e-01 7.465686e-03
0.882419 0.882419 2.819335e+00 2.819066e-02
0.882482 0.882482 2.009304e+00 2.003390e-02
0.914487 0.914487 1.387563e+00 1.381918e-02
0.894408 0.894408 5.682248e+00 5.680800e-02
0.912712 0.912712 1.562224e+00 1.556722e-02
0.903983 0.903983 3.500709e+00 3.494990e-02
0.880094 0.880094 4.144098e+00 4.138864e-02
0.887518 0.887518 1.976148e+00 1.971789e-02
0.909876 0.909876 8.240860e-01 8.218207e-03
0.910467 0.910467 2.516655e+00 2.513606e-02
0.886474 0.886474 6.787492e+00 6.782990e-02
0.894523 0.894523 5.538060e+00 5.522427e-02
0.887774 0.887774 2.631429e+00 2.629802e-02
0.916057 0.916057 9.843618e-01 9.842602e-03
0.928188 0.928188 5.905848e-01 5.882134e-03
0.885744 0.885744 5.166129e+00 5.162309e-02
0.887240 0.887240 4.356049e+00 4.354385e-02
0.914321 0.914321 1.489172e+00 1.484224e-02
0.903135 0.903135 1.336089e+00 1.329711e-02
0.895275 0.895275 2.644371e+00 2.639345e-02
0.907660 0.907660 2.413439e+00 2.412561e-02
0.863186 0.863186 8.634811e+00 8.634548e-02
0.912769 0.912769 1.453509e+00 1.453417e-02
0.879215 0.879215 4.557956e+00 4.554291e-02
0.911636 0.911636 1.260728e+00 1.254621e-02
0.892422 0.892422 1.554043e+00 1.552841e-02
0.894555 0.894555 2.295017e+00 2.292877e-02
0.900175 0.900175 6.116886e+00 6.116834e-02
0.936525 0.936525 3.640574e-01 3.620226e-03
0.891222 0.891222 2.562578e+00 2.560738e-02
0.883668 0.883668 3.053608e+00 3.051676e-02
0.889843 0.889843 2.464565e+00 2.464549e-02
0.899385 0.899385 1.955275e+00 1.952783e-02
0.873312 0.873312 6.584179e+00 6.582736e-02
0.899142 0.899142 2.074586e+00 2.069208e-02
0.918580 0.918580 8.646555e-01 8.605643e-03
0.901104 0.901104 1.942840e+00 1.936858e-02
0.906346 0.906346 1.860462e+00 1.858956e-02
0.888770 0.888770 3.027922e+00 3.024489e-02
0.902638 0.902638 1.169027e+00 1.164722e-02
0.876656 0.876656 4.707235e+00 4.701924e-02
0.891177 0.891177 1.204547e+00 1.200231e-02
0.907395 0.907395 3.018626e+00 3.017717e-02
0.897486 0.897486 2.063737e+00 2.053789e-02
0.895120 0.895120 2.893925e+00 2.888052e-02
0.893126 0.893126 1.880746e+00 1.874787e-02
0.902016 0.902016 3.606369e+00 3.603496e-02
0.881459 0.881459 2.860286e+00 2.853339e-02
0.870782 0.870782 5.174853e+00 5.166936e-02
0.885586 0.885586 4.252469e+00 4.251623e-02
0.901813 0.901813 2.511216e+00 2.509575e-02
0.909815 0.909815 1.334325e+00 1.330836e-02
0.879888 0.879888 2.959285e+00 2.955273e-02
0.897798 0.897798 1.128825e+00 1.126246e-02
0.908179 0.908179 1.812594e+00 1.809044e-02
0.901692 0.901692 1.646358e+00 1.641521e-02
0.896441 0.896441 2.476949e+00 2.471097e-02
0.861374 0.861374 7.723518e+00 7.719238e-02
0.909995 0.909995 1.302787e+00 1.299711e-02
0.883934 0.883934 9.164299e-01 9.146317e-03
0.908807 0.908807 1.366608e+00 1.362072e-02
0.879780 0.879780 3.683672e+00 3.678569e-02
0.883477 0.883477 1.466661e+00 1.462858e-02
0.894599 0.894599 2.769586e+00 2.763150e-02
0.886874 0.886874 2.525097e+00 2.524875e-02
0.882511 0.882511 3.487792e+00 3.481073e-02
0.891583 0.891583 4.248025e+00 4.238963e-02
0.874941 0.874941 4.867388e+00 4.861959e-02
0.891506 0.891506 2.365425e+00 2.362238e-02
0.905269 0.905269 2.206054e+00 2.202824e-02
0.882007 0.882007 2.907530e+00 2.907109e-02
0.927658 0.927658 7.648683e-01 7.644880e-03
0.911109 0.911109 1.415797e+00 1.414286e-02
0.866358 0.866358 7.842373e+00 7.831158e-02
0.907473 0.907473 1.719423e+00 1.714318e-02
0.904690 0.904690 1.524581e+00 1.523033e-02
0.901365 0.901365 1.841233e+00 1.838232e-02
0.932891 0.932891 6.445114e-01 6.414702e-03
0.921971 0.921971 9.079283e-01 9.076686e-03
0.939550 0.939550 4.463805e-01 4.437465e-03
0.890257 0.890257 1.315052e+00 1.312090e-02
0.858443 0.858443 1.030881e+01 1.030417e-01
0.911696 0.911696 9.225652e-01 9.219452e-03
0.909724 0.909724 8.745053e-01 8.741414e-03
0.926474 0.926474 7.813189e-01 7.779110e-03
0.877258 0.877258 3.434218e+00 3.430880e-02
0.890909 0.890909 2.303691e+00 2.298605e-02
0.912900 0.912900 1.868715e+00 1.868398e-02
0.883135 0.883135 3.881647e+00 3.878612e-02
0.943853 0.943853 2.870730e-01 2.855774e-03
0.923270 0.923270 8.322455e-01 8.296084e-03
0.888747 0.888747 2.091071e+00 2.087264e-02
0.887280 0.887280 3.849269e+00 3.847035e-02
0.888078 0.888078 2.210585e+00 2.206523e-02
0.907256 0.907256 1.776078e+00 1.772902e-02
0.855689 0.855689 1.777617e+01 1.776513e-01
0.908711 0.908711 8.230244e-01 8.199091e-03
0.916650 0.916650 1.679811e+00 1.677148e-02
0.906366 0.906366 1.376444e+00 1.371936e-02
0.895774 0.895774 1.087122e+00 1.085535e-02
0.864468 0.864468 1.181885e+01 1.179687e-01
0.909898 0.909898 1.173436e+00 1.167502e-02
0.909462 0.909462 1.093855e+00 1.089444e-02
0.899838 0.899838 1.911372e+00 1.910205e-02
0.892929 0.892929 2.192938e+00 2.185490e-02
0.906724 0.906724 1.657376e+00 1.655117e-02
0.886484 0.886484 1.679186e+00 1.674099e-02
0.903109 0.903109 1.380886e+00 1.377186e-02
0.912338 0.912338 1.097909e+00 1.094191e-02
0.908588 0.908588 1.164805e+00 1.158878e-02
0.917219 0.917219 1.523193e+00 1.519812e-02
0.868149 0.868149 6.643584e+00 6.641689e-02
0.894508 0.894508 2.598334e+00 2.597346e-02
0.903775 0.903775 1.245154e+00 1.244659e-02
0.852912 0.852912 1.438413e+01 1.438333e-01
0.908410 0.908410 1.513528e+00 1.509237e-02
0.902318 0.902318 2.299944e+00 2.290023e-02
0.889298 0.889298 1.924323e+00 1.923638e-02
0.894352 0.894352 8.825779e-01 8.800827e-03
0.892437 0.892437 3.441703e+00 3.435681e-02
0.905442 0.905442 1.216745e+00 1.212792e-02
0.880932 0.880932 1.719999e+00 1.719705e-02
0.894873 0.894873 2.482506e+00 2.482216e-02
0.887113 0.887113 2.786401e+00 2.786229e-02
0.911238 0.911238 6.430748e-01 6.420944e-03
0.889562 0.889562 3.585070e+00 3.584547e-02
0.901391 0.901391 2.948928e+00 2.940568e-02
0.897010 0.897010 2.740749e+00 2.739294e-02
0.868639 0.868639 6.652912e+00 6.652276e-02
0.897232 0.897232 1.315453e+00 1.310942e-02
0.908474 0.908474 7.345483e-01 7.333367e-03
0.865827 0.865827 1.862691e+01 1.862350e-01
0.883147 0.883147 4.527657e+00 4.521506e-02
0.926542 0.926542 1.030705e+00 1.028401e-02
0.894046 0.894046 2.531458e+00 2.526598e-02
0.932099 0.932099 7.107342e-01 7.055953e-03
0.902411 0.902411 1.136013e+00 1.132732e-02
0.915331 0.915331 1.182183e+00 1.180762e-02
0.870350 0.870350 2.689969e+00 2.682965e-02
0.911492 0.911492 9.143260e-01 9.141777e-03
0.872519 0.872519 9.135257e+00 9.131145e-02
0.903532 0.903532 7.639767e-01 7.632929e-03
0.889389 0.889389 1.298130e+00 1.296809e-02
0.923110 0.923110 9.863655e-01 9.861561e-03
0.895124 0.895124 3.133076e+00 3.123175e-02
0.908068 0.908068 2.020872e+00 2.020665e-02
0.863040 0.863040 4.978327e+00 4.965298e-02
0.907895 0.907895 1.290802e+00 1.290599e-02
0.903625 0.903625 1.432242e+00 1.427500e-02
0.925938 0.925938 4.454148e-01 4.407573e-03
0.923854 0.923854 9.851548e-01 9.831999e-03
0.899194 0.899194 3.465960e+00 3.465606e-02
0.867689 0.867689 6.023078e+00 6.010653e-02
0.890682 0.890682 4.409259e+00 4.406537e-02
0.894711 0.894711 2.233333e+00 2.228638e-02
0.902753 0.902753 1.837867e+00 1.837267e-02
0.931205 0.931205 4.706806e-01 4.687009e-03
0.899006 0.899006 1.158800e+00 1.158184e-02
0.893594 0.893594 2.854554e+00 2.848099e-02
0.874597 0.874597 3.177215e+00 3.172857e-02
0.912617 0.912617 7.013695e-01 6.973103e-03
0.897115 0.897115 1.835963e+00 1.835919e-02
0.912040 0.912040 8.347201e-01 8.339176e-03
0.902483 0.902483 2.388408e+00 2.384035e-02
0.893650 0.893650 3.151257e+00 3.144117e-02
0.895155 0.895155 3.399669e+00 3.391190e-02
0.901288 0.901288 2.631158e+00 2.625215e-02
0.873979 0.873979 3.710777e+00 3.704358e-02
0.897741 0.897741 1.762077e+00 1.759721e-02
0.901871 0.901871 1.642012e+00 1.640176e-02
0.906247 0.906247 1.128737e+00 1.128722e-02
0.894253 0.894253 3.701639e+00 3.688876e-02
0.906224 0.906224 1.504000e+00 1.498443e-02
0.926108 0.926108 7.326620e-01 7.296978e-03
0.895504 0.895504 3.577610e+00 3.575208e-02
0.891968 0.891968 1.756218e+00 1.752874e-02
0.887025 0.887025 2.287229e+00 2.285235e-02
0.890168 0.890168 5.540528e+00 5.538244e-02
0.905648 0.905648 1.062548e+00 1.061690e-02
0.886900 0.886900 1.894333e+00 1.893571e-02
0.928749 0.928749 5.109187e-01 5.084205e-03
0.910748 0.910748 6.285985e-01 6.266161e-03
0.900142 0.900142 1.197110e+00 1.192383e-02
0.901452 0.901452 1.658434e+00 1.658036e-02
0.899446 0.899446 1.397349e+00 1.395929e-02
0.887331 0.887331 6.276516e+00 6.266993e-02
0.911652 0.911652 1.149724e+00 1.147634e-02
0.886544 0.886544 1.635688e+00 1.629097e-02
0.881105 0.881105 1.928227e+00 1.927445e-02
0.887706 0.887706 1.231452e+00 1.227443e-02
0.900835 0.900835 1.166918e+00 1.165160e-02
0.906321 0.906321 1.156280e+00 1.153931e-02
0.899056 0.899056 1.264993e+00 1.263061e-02
0.930340 0.930340 8.895804e-01 8.873277e-03
0.910907 0.910907 1.237367e+00 1.235539e-02
0.917070 0.917070 1.253303e+00 1.252518e-02
0.918903 0.918903 1.263582e+00 1.262978e-02
0.885784 0.885784 4.207197e+00 4.194028e-02
0.878228 0.878228 2.728614e+00 2.722151e-02
0.913237 0.913237 1.427354e+00 1.417993e-02
0.920306 0.920306 1.285638e+00 1.283110e-02
0.892468 0.892468 4.276900e+00 4.271065e-02
0.889762 0.889762 2.683564e+00 2.676995e-02
0.910956 0.910956 8.222052e-01 8.197576e-03
0.865069 0.865069 1.237845e+01 1.236552e-01
0.901820 0.901820 1.933871e+00 1.928335e-02
0.870798 0.870798 4.354526e+00 4.348032e-02
0.900976 0.900976 3.228485e+00 3.226563e-02
0.873568 0.873568 8.044382e+00 8.039326e-02
0.896283 0.896283 2.193466e+00 2.189400e-02
0.911434 0.911434 7.541973e-01 7.534073e-03
0.907600 0.907600 1.416440e+00 1.413628e-02
0.893862 0.893862 2.873854e+00 2.868916e-02
0.862094 0.862094 3.373765e+00 3.373491e-02
0.930330 0.930330 6.463900e-01 6.449383e-03
0.908327 0.908327 1.751220e+00 1.750830e-02
0.896856 0.896856 2.240669e+00 2.239010e-02
0.871578 0.871578 7.042936e+00 7.029831e-02
0.895312 0.895312 1.209608e+00 1.205825e-02
0.896418 0.896418 1.912530e+00 1.903692e-02
0.906659 0.906659 1.326435e+00 1.321778e-02
0.903970 0.903970 2.001924e+00 1.995039e-02
0.891015 0.891015 1.135617e+00 1.135182e-02
0.891968 0.891968 2.400364e+00 2.396654e-02
0.906714 0.906714 1.238007e+00 1.235345e-02
0.921269 0.921269 6.437270e-01 6.408648e-03
0.893020 0.893020 1.594052e+00 1.592053e-02
0.900002 0.900002 2.846322e+00 2.841345e-02
0.901640 0.901640 1.057239e+00 1.054879e-02
0.904152 0.904152 1.690792e+00 1.690084e-02
0.854852 0.854852 1.250076e+01 1.248300e-01
0.882469 0.882469 3.124614e+00 3.123948e-02
0.891486 0.891486 4.210702e+00 4.204422e-02
0.891440 0.891440 1.229841e+00 1.229670e-02
0.906133 0.906133 1.112042e+00 1.112028e-02
0.899187 0.899187 3.461931e+00 3.456346e-02
0.879882 0.879882 7.411416e-01 7.393481e-03
0.903830 0.903830 1.397164e+00 1.395948e-02
0.876684 0.876684 7.065411e+00 7.056294e-02
0.891628 0.891628 4.323737e+00 4.316466e-02
0.891887 0.891887 3.807412e+00 3.803433e-02
0.905214 0.905214 2.443304e+00 2.435839e-02
0.925778 0.925778 5.529355e-01 5.476231e-03
0.905329 0.905329 1.779334e+00 1.776258e-02
0.892697 0.892697 8.170034e-01 8.154895e-03
0.898759 0.898759 3.246300e+00 3.244430e-02
0.888304 0.888304 2.639849e+00 2.633924e-02
0.885745 0.885745 2.540250e+00 2.540239e-02
0.875214 0.875214 2.549920e+00 2.547720e-02
0.911489 0.911489 8.767511e-01 8.760157e-03
0.915230 0.915230 1.976015e+00 1.973718e-02
0.911578 0.911578 1.140750e+00 1.136170e-02
0.875265 0.875265 3.856918e+00 3.851328e-02
0.972497 0.972497 2.435694e-01 2.395486e-03
0.897781 0.897781 2.394681e+00 2.386078e-02
0.908559 0.908559 2.139936e+00 2.133508e-02
0.900726 0.900726 1.971417e+00 1.967124e-02
0.902188 0.902188 1.618301e+00 1.617942e-02
0.906302 0.906302 2.874750e+00 2.870758e-02
0.904530 0.904530 1.950305e+00 1.944280e-02
0.891480 0.891480 1.205659e+00 1.204487e-02
0.867662 0.867662 3.236030e+00 3.231245e-02
0.903326 0.903326 2.119882e+00 2.112521e-02
0.898314 0.898314 1.280153e+00 1.279681e-02
0.915856 0.915856 1.625881e+00 1.624107e-02
0.891477 0.891477 1.703136e+00 1.702860e-02
0.897127 0.897127 3.011121e+00 3.007763e-02
0.891757 0.891757 4.403558e+00 4.391627e-02
0.900196 0.900196 1.236633e+00 1.235757e-02
0.905473 0.905473 1.317536e+00 1.314673e-02
0.925577 0.925577 5.005173e-01 5.004854e-03
0.865880 0.865880 3.931574e+00 3.930018e-02
0.877991 0.877991 3.062717e+00 3.062187e-02
0.898033 0.898033 2.449886e+00 2.447241e-02
0.903047 0.903047 2.430391e+00 2.422578e-02
0.885847 0.885847 4.203338e+00 4.201884e-02
0.895398 0.895398 2.412740e+00 2.411835e-02
0.907246 0.907246 1.100384e+00 1.096713e-02
0.925730 0.925730 5.603187e-01 5.584256e-03
0.905842 0.905842 1.165060e+00 1.161042e-02
0.866740 0.866740 8.712447e+00 8.699640e-02
0.897404 0.897404 1.570291e+00 1.565908e-02
0.909461 0.909461 1.018312e+00 1.018220e-02
0.895559 0.895559 2.300253e+00 2.297137e-02
0.893938 0.893938 3.036333e+00 3.033073e-02
0.905719 0.905719 1.595924e+00 1.591642e-02
0.869633 0.869633 4.143418e+00 4.142801e-02
0.903651 0.903651 1.779531e+00 1.776182e-02
0.918595 0.918595 7.331927e-01 7.302879e-03
0.905415 0.905415 2.797660e+00 2.796137e-02
0.910307 0.910307 1.472330e+00 1.468864e-02
0.915508 0.915508 1.321832e+00 1.321368e-02
0.899793 0.899793 2.589760e+00 2.582729e-02
0.906656 0.906656 2.047376e+00 2.045063e-02
0.880468 0.880468 4.588737e+00 4.582822e-02
0.915378 0.915378 1.496391e+00 1.492893e-02
0.897869 0.897869 1.845590e+00 1.844738e-02
0.901461 0.901461 3.088717e+00 3.081132e-02
0.895885 0.895885 1.882165e+00 1.881002e-02
0.881810 0.881810 4.105682e+00 4.105538e-02
0.912798 0.912798 1.171924e+00 1.171825e-02
0.852416 0.852416 1.516603e+01 1.516506e-01
0.868324 0.868324 3.967244e+00 3.966801e-02
0.870948 0.870948 4.176703e+00 4.175455e-02
0.878384 0.878384 2.311094e+00 2.310643e-02
0.886703 0.886703 6.886674e+00 6.875934e-02
0.881694 0.881694 2.655045e+00 2.650732e-02
0.916535 0.916535 8.979031e-01 8.968346e-03
0.896622 0.896622 3.804219e+00 3.794089e-02
0.885239 0.885239 3.294443e+00 3.292963e-02
0.893544 0.893544 2.154285e+00 2.148293e-02
0.912931 0.912931 1.277186e+00 1.275796e-02
0.912873 0.912873 1.447795e+00 1.443621e-02
0.901208 0.901208 1.829850e+00 1.827598e-02
0.875938 0.875938 2.386097e+00 2.385963e-02
0.926437 0.926437 7.244164e-01 7.205973e-03
0.910163 0.910163 1.394117e+00 1.390171e-02
0.907275 0.907275 1.616805e+00 1.611688e-02
0.882853 0.882853 2.987082e+00 2.986685e-02
0.896018 0.896018 1.297081e+00 1.293972e-02
0.913655 0.913655 1.634898e+00 1.631802e-02
0.901883 0.901883 2.675773e+00 2.671076e-02
0.884685 0.884685 1.264994e+00 1.264695e-02
0.891331 0.891331 5.050634e+00 5.040655e-02
0.905684 0.905684 2.603137e+00 2.596709e-02
0.903563 0.903563 2.957180e+00 2.947832e-02
0.894043 0.894043 1.577483e+00 1.576209e-02
0.918083 0.918083 1.135782e+00 1.135202e-02
0.922743 0.922743 5.527344e-01 5.522783e-03
0.904893 0.904893 1.046175e+00 1.044771e-02
0.895093 0.895093 1.867406e+00 1.862368e-02
0.916475 0.916475 7.768503e-01 7.739205e-03
0.885496 0.885496 2.102427e+00 2.096759e-02
0.906295 0.906295 1.936392e+00 1.932017e-02
0.887544 0.887544 2.541331e+00 2.538765e-02
0.860622 0.860622 5.389861e+00 5.388001e-02
0.898555 0.898555 1.264200e+00 1.262485e-02
0.875170 0.875170 7.257608e+00 7.255562e-02
0.895963 0.895963 1.808599e+00 1.803441e-02
0.885368 0.885368 5.379576e+00 5.374671e-02
0.897764 0.897764 1.155674e+00 1.152646e-02
0.922561 0.922561 6.641577e-01 6.634131e-03
0.878826 0.878826 1.292534e+00 1.290034e-02
0.899349 0.899349 9.342987e-01 9.280162e-03
0.910451 0.910451 1.374497e+00 1.372106e-02
0.892288 0.892288 8.785665e-01 8.773334e-03
0.888969 0.888969 5.217993e+00 5.214488e-02
0.890907 0.890907 2.677010e+00 2.676955e-02
0.897259 0.897259 2.988750e+00 2.981693e-02
0.897402 0.897402 1.898832e+00 1.897644e-02
0.895684 0.895684 1.694882e+00 1.692552e-02
0.898316 0.898316 8.119846e-01 8.083748e-03
0.899587 0.899587 2.737969e+00 2.735784e-02
0.928787 0.928787 8.150766e-01 8.148759e-03
0.878711 0.878711 5.983070e+00 5.982139e-02
0.903509 0.903509 7.459968e-01 7.425813e-03
0.905153 0.905153 1.950946e+00 1.946249e-02
0.923148 0.923148 8.325638e-01 8.264711e-03
0.884382 0.884382 2.537624e+00 2.532350e-02
0.918125 0.918125 1.461722e+00 1.453473e-02
0.897774 0.897774 2.376542e+00 2.371963e-02
0.907763 0.907763 1.365747e+00 1.360642e-02
0.908763 0.908763 1.414029e+00 1.412896e-02
0.913899 0.913899 9.297985e-01 9.254306e-03
0.895357 0.895357 2.407521e+00 2.401126e-02
0.881137 0.881137 3.119714e+00 3.110837e-02
0.909176 0.909176 1.072054e+00 1.069750e-02
0.921877 0.921877 6.013777e-01 6.005955e-03
0.920937 0.920937 6.115315e-01 6.092658e-03
0.892935 0.892935 3.375576e+00 3.373790e-02
0.879723 0.879723 5.987366e+00 5.981045e-02
0.872015 0.872015 3.962026e+00 3.957109e-02
0.885396 0.885396 5.279549e+00 5.270184e-02
0.914920 0.914920 9.282420e-01 9.260924e-03
0.894969 0.894969 1.179590e+00 1.177033e-02
0.918866 0.918866 1.263520e+00 1.259825e-02
0.882342 0.882342 7.582845e+00 7.578021e-02
0.901704 0.901704 1.877946e+00 1.873598e-02
0.904946 0.904946 7.891721e-01 7.886815e-03
0.911078 0.911078 1.357352e+00 1.356617e-02
0.918976 0.918976 1.941937e+00 1.930128e-02
0.912959 0.912959 1.889249e+00 1.887647e-02
0.883185 0.883185 5.598504e+00 5.592929e-02
0.888051 0.888051 2.153549e+00 2.151668e-02
0.890211 0.890211 2.466496e+00 2.456677e-02
0.916852 0.916852 6.486655e-01 6.467635e-03
0.918048 0.918048 1.541778e+00 1.539254e-02
0.896251 0.896251 1.829464e+00 1.822548e-02
0.886492 0.886492 1.970823e+00 1.968022e-02
0.897186 0.897186 1.748513e+00 1.741747e-02
0.876157 0.876157 6.407369e-01 6.405310e-03
0.886740 0.886740 2.856834e+00 2.849665e-02
0.898942 0.898942 2.095494e+00 2.090333e-02
0.909747 0.909747 2.659552e+00 2.650485e-02
0.908633 0.908633 1.363541e+00 1.363318e-02
0.932739 0.932739 4.396078e-01 4.370569e-03
0.876292 0.876292 8.519674e+00 8.507738e-02
0.903851 0.903851 1.684231e+00 1.681808e-02
0.934437 0.934437 5.735390e-01 5.712549e-03
0.902157 0.902157 2.056858e+00 2.050816e-02
0.890764 0.890764 5.363961e+00 5.362960e-02
0.889934 0.889934 2.611416e+00 2.611128e-02
0.882455 0.882455 4.669888e+00 4.668661e-02
0.899353 0.899353 2.715718e+00 2.709952e-02
0.858911 0.858911 9.630154e+00 9.626703e-02
0.887436 0.887436 3.098140e+00 3.095944e-02
0.898907 0.898907 2.029362e+00 2.029197e-02
0.884594 0.884594 7.114528e+00 7.114450e-02
0.868169 0.868169 5.243634e+00 5.240721e-02
0.884550 0.884550 3.497540e+00 3.490205e-02
0.876938 0.876938 6.693652e+00 6.689364e-02
