0.816145 0.816145 7.743479e-01 7.734952e-03
0.808089 0.808089 1.252549e+00 1.250842e-02
0.715860 0.715860 2.086733e+00 2.085893e-02
0.863738 0.863738 4.648803e-01 4.641467e-03
0.767614 0.767614 1.100445e+00 1.099393e-02
0.738514 0.738514 1.482799e+00 1.482589e-02
0.717581 0.717581 1.887575e+00 1.886553e-02
0.861600 0.861600 5.255965e-01 5.248988e-03
0.776273 0.776273 4.340292e-01 4.327228e-03
0.802872 0.802872 9.968820e-01 9.942939e-03
0.860483 0.860483 9.159838e-01 9.153127e-03
0.813760 0.813760 1.096314e+00 1.093684e-02
0.812461 0.812461 9.462958e-01 9.461659e-03
0.778390 0.778390 6.149481e-01 6.134683e-03
0.788712 0.788712 1.087987e+00 1.087725e-02
0.881460 0.881460 3.961189e-01 3.913335e-03
0.741369 0.741369 8.669344e-01 8.664231e-03
0.771815 0.771815 1.343812e+00 1.343745e-02
0.793151 0.793151 8.689458e-01 8.686261e-03
0.785618 0.785618 5.666939e-01 5.661322e-03
0.835449 0.835449 5.599865e-01 5.587295e-03
0.740833 0.740833 3.376784e+00 3.376470e-02
0.872663 0.872663 7.209878e-01 7.208300e-03
0.770451 0.770451 2.220655e+00 2.216313e-02
0.792216 0.792216 1.344138e+00 1.343439e-02
0.812973 0.812973 7.987066e-01 7.980081e-03
0.774302 0.774302 1.381115e+00 1.380355e-02
0.756812 0.756812 1.375624e+00 1.374001e-02
0.788773 0.788773 7.624309e-01 7.600725e-03
0.662495 0.662495 1.315915e+00 1.315801e-02
0.915138 0.915138 3.772795e-01 3.722711e-03
0.862595 0.862595 4.983326e-01 4.977372e-03
0.798722 0.798722 9.959272e-01 9.957262e-03
0.693769 0.693769 3.051860e+00 3.050938e-02
0.896277 0.896277 3.939249e-01 3.890228e-03
0.823842 0.823842 7.210421e-01 7.188160e-03
0.760730 0.760730 2.155293e+00 2.154098e-02
0.705238 0.705238 3.163694e+00 3.162036e-02
0.791334 0.791334 7.753785e-01 7.742431e-03
0.836980 0.836980 6.339832e-01 6.337406e-03
0.704611 0.704611 2.125114e+00 2.123963e-02
0.782417 0.782417 1.922412e+00 1.922280e-02
0.963453 0.963453 3.349352e-01 3.276233e-03
0.810370 0.810370 1.649096e+00 1.646572e-02
0.777402 0.777402 1.104396e+00 1.103360e-02
0.726737 0.726737 1.808861e+00 1.808595e-02
0.706822 0.706822 4.129311e+00 4.126880e-02
0.817062 0.817062 1.176252e+00 1.173775e-02
0.701078 0.701078 7.835422e-01 7.834846e-03
0.710882 0.710882 1.867672e+00 1.867246e-02
0.881029 0.881029 5.771495e-01 5.732289e-03
0.671335 0.671335 1.107274e+00 1.107254e-02
0.790415 0.790415 1.104983e+00 1.104517e-02
0.777333 0.777333 8.119107e-01 8.114934e-03
0.802755 0.802755 9.148562e-01 9.148015e-03
0.799337 0.799337 6.435419e-01 6.431896e-03
0.807513 0.807513 9.205803e-01 9.190408e-03
0.833117 0.833117 9.140892e-01 9.131534e-03
0.866301 0.866301 3.928729e-01 3.910209e-03
0.973639 0.973639 3.448794e-01 3.381907e-03
0.811092 0.811092 7.556356e-01 7.540136e-03
0.785501 0.785501 7.389529e-01 7.388506e-03
0.827867 0.827867 5.178258e-01 5.170341e-03
0.727827 0.727827 1.070743e+00 1.069922e-02
0.838937 0.838937 5.123752e-01 5.099066e-03
0.821163 0.821163 5.694498e-01 5.678452e-03
0.686150 0.686150 1.521139e+00 1.521136e-02
0.880920 0.880920 4.402048e-01 4.353250e-03
0.730480 0.730480 4.112742e+00 4.112285e-02
0.779108 0.779108 1.539174e+00 1.536295e-02
0.661188 0.661188 3.500099e+00 3.498753e-02
0.721359 0.721359 7.354295e-01 7.352325e-03
0.888325 0.888325 4.324320e-01 4.302487e-03
0.699224 0.699224 1.351341e+00 1.350448e-02
0.780864 0.780864 1.876938e+00 1.875419e-02
0.979723 0.979723 3.241487e-01 3.177580e-03
0.795714 0.795714 1.065042e+00 1.064377e-02
0.731137 0.731137 4.192124e+00 4.189793e-02
0.800635 0.800635 8.307554e-01 8.305694e-03
0.771212 0.771212 1.073475e+00 1.071410e-02
0.788737 0.788737 9.323042e-01 9.321832e-03
0.680690 0.680690 1.257061e+00 1.257029e-02
0.735720 0.735720 1.693550e+00 1.692884e-02
0.817059 0.817059 1.193149e+00 1.191956e-02
0.852726 0.852726 5.115186e-01 5.101619e-03
0.827482 0.827482 7.270248e-01 7.261262e-03
0.741382 0.741382 1.227574e+00 1.227467e-02
0.769891 0.769891 5.723911e-01 5.717264e-03
0.676955 0.676955 2.735090e+00 2.734747e-02
0.775322 0.775322 1.778269e+00 1.778142e-02
0.836958 0.836958 1.112972e+00 1.109086e-02
0.643151 0.643151 1.016416e+01 1.016169e-01
0.768647 0.768647 1.547652e+00 1.546572e-02
0.790792 0.790792 7.149787e-01 7.147231e-03
0.713691 0.713691 1.469451e+00 1.468721e-02
0.829877 0.829877 6.095376e-01 6.093199e-03
0.783700 0.783700 1.151415e+00 1.149478e-02
0.805254 0.805254 4.909380e-01 4.899597e-03
0.811858 0.811858 8.617518e-01 8.604754e-03
0.867357 0.867357 6.486299e-01 6.449457e-03
0.697627 0.697627 1.385876e+00 1.385347e-02
0.826898 0.826898 8.702327e-01 8.677909e-03
0.721098 0.721098 1.968581e+00 1.968309e-02
0.735192 0.735192 4.634849e+00 4.634583e-02
0.871487 0.871487 5.192086e-01 5.166931e-03
0.763878 0.763878 8.035375e-01 8.031790e-03
0.691121 0.691121 2.711811e+00 2.710503e-02
0.786602 0.786602 7.922550e-01 7.912055e-03
0.689243 0.689243 5.422799e+00 5.422322e-02
0.728791 0.728791 2.147613e+00 2.145977e-02
0.794677 0.794677 6.755003e-01 6.749202e-03
0.702890 0.702890 2.606716e+00 2.606241e-02
0.733406 0.733406 2.657859e+00 2.656484e-02
0.880119 0.880119 3.941074e-01 3.893917e-03
0.672616 0.672616 9.176773e+00 9.175396e-02
0.796711 0.796711 9.814136e-01 9.813056e-03
0.853402 0.853402 5.911688e-01 5.902761e-03
0.893607 0.893607 4.891960e-01 4.861510e-03
0.793247 0.793247 9.978080e-01 9.973939e-03
0.831558 0.831558 1.139455e+00 1.138882e-02
0.845740 0.845740 7.117455e-01 7.102241e-03
0.823222 0.823222 9.570733e-01 9.554273e-03
0.789545 0.789545 6.885332e-01 6.878305e-03
0.844520 0.844520 5.140342e-01 5.129559e-03
0.698567 0.698567 3.935837e+00 3.933718e-02
0.805168 0.805168 5.770745e-01 5.762821e-03
0.816667 0.816667 8.081012e-01 8.068654e-03
0.724894 0.724894 2.126910e+00 2.126004e-02
0.793742 0.793742 7.505998e-01 7.491960e-03
0.869209 0.869209 4.136907e-01 4.119479e-03
0.820991 0.820991 8.807489e-01 8.805229e-03
0.690784 0.690784 2.262777e+00 2.262618e-02
0.714022 0.714022 1.373233e+00 1.373132e-02
0.747647 0.747647 2.452182e+00 2.451989e-02
0.788687 0.788687 1.078335e+00 1.076364e-02
0.730766 0.730766 1.455364e+00 1.454958e-02
0.827471 0.827471 5.033683e-01 5.014765e-03
0.811333 0.811333 8.626592e-01 8.624783e-03
0.707830 0.707830 1.090274e+00 1.089425e-02
0.889869 0.889869 3.726669e-01 3.709157e-03
0.712499 0.712499 1.677726e+00 1.677607e-02
0.753884 0.753884 1.366973e+00 1.366582e-02
0.778318 0.778318 1.617806e+00 1.615655e-02
0.736529 0.736529 8.966884e-01 8.959933e-03
0.788514 0.788514 2.026617e+00 2.024741e-02
0.764803 0.764803 1.556432e+00 1.555909e-02
0.975852 0.975852 3.302233e-01 3.254780e-03
0.769503 0.769503 1.058346e+00 1.057847e-02
0.824295 0.824295 8.216575e-01 8.209366e-03
0.810140 0.810140 9.722044e-01 9.716719e-03
0.774265 0.774265 1.622303e+00 1.621934e-02
0.839616 0.839616 8.746295e-01 8.726190e-03
0.690176 0.690176 1.325184e+00 1.324642e-02
0.870797 0.870797 5.797009e-01 5.795904e-03
0.854863 0.854863 4.290210e-01 4.280255e-03
0.649273 0.649273 6.138422e+00 6.138038e-02
0.805916 0.805916 1.149983e+00 1.146638e-02
0.834939 0.834939 8.713888e-01 8.709275e-03
0.798017 0.798017 1.329569e+00 1.329098e-02
0.829504 0.829504 8.383021e-01 8.353890e-03
0.911944 0.911944 4.005203e-01 4.001365e-03
0.836226 0.836226 6.010930e-01 5.988536e-03
0.917503 0.917503 3.981489e-01 3.976580e-03
0.760416 0.760416 1.728485e+00 1.724355e-02
0.795056 0.795056 7.381162e-01 7.372700e-03
0.815232 0.815232 8.585951e-01 8.561942e-03
0.784869 0.784869 9.537552e-01 9.510538e-03
0.706807 0.706807 1.434614e+00 1.434001e-02
0.786162 0.786162 2.233063e+00 2.232156e-02
0.759300 0.759300 1.286671e+00 1.286236e-02
0.814682 0.814682 4.270048e-01 4.266676e-03
0.737937 0.737937 3.852216e+00 3.851306e-02
0.760713 0.760713 4.462509e-01 4.458226e-03
0.751236 0.751236 3.998830e+00 3.995019e-02
0.759450 0.759450 1.448877e+00 1.448284e-02
0.813910 0.813910 9.133598e-01 9.128139e-03
0.742270 0.742270 4.774212e+00 4.773500e-02
0.825086 0.825086 9.163433e-01 9.145946e-03
0.809861 0.809861 8.209267e-01 8.201633e-03
0.778673 0.778673 1.509963e+00 1.508119e-02
0.807376 0.807376 7.236305e-01 7.227982e-03
0.778319 0.778319 1.743534e+00 1.742462e-02
0.741986 0.741986 6.051606e-01 6.046097e-03
0.806398 0.806398 7.330370e-01 7.315060e-03
0.723192 0.723192 1.038318e+00 1.037517e-02
0.750868 0.750868 2.070471e+00 2.068782e-02
0.784740 0.784740 1.189614e+00 1.188266e-02
0.733696 0.733696 2.248895e+00 2.247913e-02
0.740728 0.740728 1.149283e+00 1.148381e-02
0.767665 0.767665 2.019799e+00 2.019079e-02
0.979884 0.979884 3.253732e-01 3.206029e-03
0.783870 0.783870 1.527772e+00 1.527480e-02
0.848408 0.848408 6.510209e-01 6.489816e-03
0.858154 0.858154 7.148867e-01 7.146515e-03
0.764711 0.764711 8.282103e-01 8.280661e-03
0.748882 0.748882 2.517894e+00 2.516390e-02
0.830586 0.830586 1.319092e+00 1.317674e-02
0.813284 0.813284 9.457039e-01 9.432091e-03
0.681293 0.681293 1.509414e+00 1.509103e-02
0.653950 0.653950 5.787479e+00 5.785978e-02
0.775343 0.775343 1.377865e+00 1.377043e-02
0.804629 0.804629 7.186893e-01 7.184490e-03
0.803648 0.803648 9.517745e-01 9.499587e-03
0.872254 0.872254 5.433034e-01 5.413902e-03
0.898092 0.898092 4.397400e-01 4.393095e-03
0.852899 0.852899 6.300741e-01 6.300414e-03
0.749360 0.749360 9.858959e-01 9.858422e-03
0.822827 0.822827 1.121128e+00 1.119724e-02
0.750102 0.750102 1.703654e+00 1.703241e-02
0.819000 0.819000 1.131096e+00 1.130210e-02
0.720052 0.720052 7.063348e-01 7.057348e-03
0.799731 0.799731 1.397035e+00 1.395829e-02
0.792094 0.792094 1.044765e+00 1.044122e-02
0.740416 0.740416 8.589554e-01 8.579858e-03
0.851895 0.851895 5.698478e-01 5.697653e-03
0.795857 0.795857 8.775811e-01 8.761641e-03
0.914152 0.914152 4.122506e-01 4.099368e-03
0.857175 0.857175 7.793725e-01 7.766042e-03
0.822217 0.822217 1.295043e+00 1.294046e-02
0.771244 0.771244 7.882090e-01 7.870036e-03
0.790074 0.790074 6.249145e-01 6.238214e-03
0.839312 0.839312 8.295234e-01 8.262183e-03
0.668805 0.668805 5.773787e-01 5.770282e-03
0.770867 0.770867 1.975139e+00 1.974406e-02
0.804702 0.804702 9.182627e-01 9.148203e-03
0.979781 0.979781 3.249134e-01 3.243818e-03
0.804343 0.804343 1.268034e+00 1.267278e-02
0.847412 0.847412 5.308494e-01 5.304447e-03
0.700363 0.700363 1.056566e+00 1.056408e-02
0.735637 0.735637 1.981188e+00 1.981010e-02
0.755315 0.755315 1.337653e+00 1.336108e-02
0.800568 0.800568 6.531444e-01 6.530667e-03
0.819738 0.819738 4.781342e-01 4.774976e-03
0.746451 0.746451 1.216273e+00 1.214983e-02
0.865838 0.865838 6.024338e-01 6.022157e-03
0.799064 0.799064 1.827105e+00 1.824975e-02
0.786432 0.786432 1.162302e+00 1.162073e-02
0.869920 0.869920 4.997671e-01 4.996001e-03
0.824355 0.824355 7.897132e-01 7.890911e-03
0.710464 0.710464 1.454746e+00 1.454081e-02
0.686587 0.686587 1.375334e+00 1.375041e-02
0.711967 0.711967 2.857608e+00 2.856910e-02
0.648839 0.648839 3.276210e+00 3.274781e-02
0.790343 0.790343 8.493370e-01 8.487882e-03
0.828866 0.828866 6.210760e-01 6.192444e-03
0.781369 0.781369 2.212599e+00 2.208610e-02
0.861342 0.861342 4.217678e-01 4.205904e-03
0.756271 0.756271 1.431755e+00 1.431611e-02
0.828581 0.828581 6.378197e-01 6.370539e-03
0.728539 0.728539 1.507561e+00 1.506582e-02
0.768195 0.768195 8.469795e-01 8.468611e-03
0.790909 0.790909 1.648910e+00 1.647213e-02
0.773608 0.773608 1.046486e+00 1.045747e-02
0.883732 0.883732 5.209998e-01 5.205035e-03
0.713063 0.713063 2.727923e+00 2.725845e-02
0.800706 0.800706 8.992921e-01 8.978004e-03
0.796482 0.796482 1.233484e+00 1.232689e-02
0.803589 0.803589 8.409324e-01 8.402432e-03
0.746318 0.746318 2.650290e+00 2.650247e-02
0.829561 0.829561 8.186158e-01 8.186062e-03
0.786269 0.786269 1.084554e+00 1.082810e-02
0.827800 0.827800 5.949635e-01 5.946106e-03
0.737268 0.737268 1.431064e+00 1.430739e-02
0.844223 0.844223 6.949630e-01 6.928976e-03
0.766435 0.766435 1.445474e+00 1.445448e-02
0.762721 0.762721 8.839009e-01 8.833995e-03
0.710400 0.710400 1.506343e+00 1.505962e-02
0.819567 0.819567 7.986576e-01 7.971767e-03
0.695127 0.695127 2.044448e+00 2.044232e-02
0.843042 0.843042 4.375199e-01 4.374412e-03
0.731863 0.731863 2.051604e+00 2.050876e-02
0.664275 0.664275 2.093308e+00 2.092761e-02
0.696701 0.696701 1.409056e+00 1.408525e-02
0.833312 0.833312 7.068496e-01 7.050164e-03
0.815382 0.815382 1.451669e+00 1.448315e-02
0.901018 0.901018 5.228113e-01 5.216782e-03
0.887347 0.887347 4.300812e-01 4.276776e-03
0.817995 0.817995 1.062774e+00 1.061934e-02
0.939729 0.939729 3.427414e-01 3.412156e-03
0.758142 0.758142 1.585145e+00 1.584820e-02
0.885543 0.885543 5.196985e-01 5.165206e-03
0.790235 0.790235 9.159201e-01 9.146094e-03
0.646862 0.646862 2.576539e+00 2.576354e-02
0.820440 0.820440 6.838570e-01 6.826312e-03
0.824815 0.824815 7.612303e-01 7.610815e-03
0.783533 0.783533 1.328467e+00 1.325855e-02
0.769605 0.769605 7.763101e-01 7.747999e-03
0.741412 0.741412 1.885405e+00 1.884618e-02
0.790843 0.790843 1.331485e+00 1.330888e-02
0.844632 0.844632 5.363352e-01 5.339342e-03
0.803170 0.803170 6.553096e-01 6.547262e-03
0.788040 0.788040 1.475009e+00 1.474623e-02
0.819939 0.819939 8.379521e-01 8.372517e-03
0.664275 0.664275 1.642032e+00 1.641382e-02
0.755043 0.755043 1.314272e+00 1.313707e-02
0.782187 0.782187 7.965400e-01 7.947158e-03
0.637146 0.637146 4.478754e+00 4.478604e-02
0.793715 0.793715 1.253019e+00 1.252384e-02
0.698917 0.698917 2.189539e+00 2.189242e-02
0.701207 0.701207 1.588071e+00 1.587086e-02
0.760426 0.760426 2.049130e+00 2.048670e-02
0.775274 0.775274 1.344612e+00 1.344246e-02
0.759122 0.759122 8.464819e-01 8.462554e-03
0.730249 0.730249 1.684835e+00 1.684362e-02
0.681904 0.681904 1.755315e+00 1.754492e-02
0.792946 0.792946 2.068489e+00 2.065950e-02
0.697928 0.697928 2.795657e+00 2.794465e-02
0.753051 0.753051 1.668757e+00 1.667672e-02
0.892726 0.892726 4.841165e-01 4.800624e-03
0.803104 0.803104 1.120215e+00 1.117190e-02
0.695515 0.695515 7.266053e-01 7.261991e-03
0.742162 0.742162 2.013760e+00 2.012346e-02
0.843736 0.843736 7.211025e-01 7.187977e-03
0.767378 0.767378 1.072097e+00 1.070339e-02
0.822162 0.822162 5.355274e-01 5.332345e-03
0.775553 0.775553 7.760298e-01 7.751878e-03
0.784608 0.784608 1.720422e+00 1.717718e-02
0.842266 0.842266 4.667100e-01 4.665310e-03
0.806004 0.806004 8.637333e-01 8.634509e-03
0.904497 0.904497 4.307629e-01 4.288855e-03
0.713533 0.713533 2.338802e+00 2.337323e-02
0.758945 0.758945 1.587999e+00 1.587802e-02
0.744347 0.744347 1.024488e+00 1.024299e-02
0.859953 0.859953 4.135717e-01 4.135025e-03
0.826051 0.826051 6.031722e-01 6.011692e-03
0.850717 0.850717 4.567293e-01 4.565938e-03
0.797836 0.797836 2.229631e+00 2.225353e-02
0.746114 0.746114 1.411821e+00 1.411156e-02
0.726530 0.726530 6.955239e+00 6.951260e-02
0.738811 0.738811 1.566157e+00 1.565535e-02
0.861832 0.861832 4.497133e-01 4.477443e-03
0.763144 0.763144 1.594196e+00 1.593938e-02
0.772563 0.772563 1.528072e+00 1.526351e-02
0.595132 0.595132 6.882421e+00 6.882341e-02
0.770677 0.770677 1.671159e+00 1.669709e-02
0.830227 0.830227 4.982453e-01 4.949273e-03
0.791153 0.791153 8.141097e-01 8.140255e-03
0.797096 0.797096 1.307164e+00 1.305443e-02
0.801044 0.801044 1.207441e+00 1.205430e-02
0.819994 0.819994 1.165966e+00 1.162252e-02
0.801500 0.801500 8.121213e-01 8.120600e-03
0.753563 0.753563 2.775416e+00 2.773381e-02
0.871577 0.871577 5.420714e-01 5.408801e-03
0.754530 0.754530 1.450963e+00 1.450034e-02
0.868262 0.868262 4.125799e-01 4.109232e-03
0.822920 0.822920 8.486447e-01 8.473584e-03
0.740686 0.740686 4.842221e-01 4.838360e-03
0.788243 0.788243 8.159837e-01 8.148758e-03
0.798522 0.798522 9.464805e-01 9.437144e-03
0.940290 0.940290 3.788612e-01 3.741687e-03
0.849288 0.849288 8.414094e-01 8.393702e-03
0.826394 0.826394 8.839103e-01 8.803768e-03
0.688686 0.688686 6.917778e-01 6.908826e-03
0.813716 0.813716 6.530648e-01 6.513216e-03
0.761647 0.761647 1.277274e+00 1.277026e-02
0.850716 0.850716 8.404114e-01 8.387806e-03
0.720396 0.720396 1.985124e+00 1.984520e-02
0.752646 0.752646 2.705460e+00 2.705288e-02
0.696871 0.696871 2.250742e+00 2.249773e-02
0.759493 0.759493 1.296526e+00 1.295984e-02
0.742607 0.742607 2.390127e+00 2.388936e-02
0.696694 0.696694 1.929931e+00 1.928788e-02
0.841043 0.841043 5.269253e-01 5.261194e-03
0.752157 0.752157 1.537027e+00 1.535798e-02
0.714010 0.714010 4.234569e+00 4.232209e-02
0.752021 0.752021 1.240740e+00 1.239579e-02
0.674483 0.674483 8.298839e-01 8.296473e-03
0.839163 0.839163 5.179889e-01 5.163532e-03
0.802331 0.802331 1.421837e+00 1.421208e-02
0.911074 0.911074 4.164501e-01 4.152949e-03
0.785582 0.785582 1.900493e+00 1.899999e-02
0.776665 0.776665 1.329837e+00 1.329668e-02
0.832193 0.832193 4.884531e-01 4.881233e-03
0.762930 0.762930 1.744287e+00 1.744012e-02
0.655075 0.655075 1.405581e+00 1.405290e-02
0.751927 0.751927 1.282221e+00 1.281252e-02
0.750576 0.750576 1.729363e+00 1.725517e-02
0.853395 0.853395 6.406918e-01 6.401328e-03
0.745352 0.745352 9.446309e-01 9.444383e-03
0.757276 0.757276 1.556416e+00 1.555583e-02
0.702550 0.702550 1.773729e+00 1.773542e-02
0.675419 0.675419 3.912707e+00 3.910692e-02
0.706488 0.706488 2.427737e+00 2.426374e-02
0.773204 0.773204 1.145582e+00 1.143461e-02
0.818063 0.818063 1.346766e+00 1.345240e-02
0.950868 0.950868 3.632462e-01 3.605660e-03
0.704974 0.704974 2.900793e+00 2.899358e-02
0.787764 0.787764 1.121211e+00 1.119298e-02
0.869117 0.869117 7.675926e-01 7.661980e-03
0.766255 0.766255 7.740194e-01 7.732975e-03
0.751507 0.751507 1.678549e+00 1.678324e-02
0.895719 0.895719 4.912539e-01 4.870851e-03
0.714399 0.714399 4.108074e+00 4.105427e-02
0.899813 0.899813 4.354972e-01 4.336461e-03
0.886315 0.886315 3.721257e-01 3.712054e-03
0.889239 0.889239 4.587537e-01 4.556856e-03
0.719109 0.719109 1.366471e+00 1.365034e-02
0.683833 0.683833 1.344408e+00 1.344351e-02
0.757170 0.757170 8.099883e-01 8.096211e-03
0.813574 0.813574 5.908593e-01 5.908578e-03
0.842957 0.842957 7.978938e-01 7.961475e-03
0.850633 0.850633 4.613583e-01 4.582922e-03
0.782297 0.782297 1.627232e+00 1.625241e-02
0.868061 0.868061 8.338949e-01 8.320065e-03
0.815045 0.815045 6.978336e-01 6.974359e-03
0.731718 0.731718 7.354945e-01 7.350464e-03
0.812279 0.812279 7.460559e-01 7.457779e-03
0.816334 0.816334 1.027592e+00 1.026043e-02
0.777044 0.777044 1.027552e+00 1.026798e-02
0.875045 0.875045 4.272827e-01 4.247879e-03
0.838004 0.838004 7.871321e-01 7.857670e-03
0.719318 0.719318 1.867820e+00 1.867806e-02
0.778280 0.778280 2.128894e+00 2.128384e-02
0.697849 0.697849 2.351317e+00 2.350824e-02
0.788023 0.788023 8.533889e-01 8.525997e-03
0.777461 0.777461 1.124710e+00 1.124587e-02
0.765469 0.765469 2.148581e+00 2.147548e-02
0.766590 0.766590 1.617647e+00 1.616417e-02
0.700163 0.700163 2.011120e+00 2.010509e-02
0.760352 0.760352 9.735782e-01 9.732530e-03
0.744154 0.744154 3.460442e+00 3.458708e-02
0.783734 0.783734 1.907127e+00 1.905985e-02
0.828917 0.828917 5.722063e-01 5.709710e-03
0.773404 0.773404 1.112117e+00 1.112054e-02
0.875770 0.875770 5.184216e-01 5.145489e-03
0.877191 0.877191 6.702948e-01 6.694073e-03
0.861224 0.861224 7.608326e-01 7.591321e-03
0.781792 0.781792 7.685788e-01 7.684914e-03
0.801869 0.801869 4.819061e-01 4.818783e-03
0.810026 0.810026 8.772404e-01 8.766268e-03
0.875179 0.875179 4.051709e-01 4.022617e-03
0.670098 0.670098 5.059540e+00 5.058908e-02
0.878831 0.878831 5.675986e-01 5.673704e-03
0.834757 0.834757 5.697294e-01 5.687334e-03
0.707661 0.707661 3.385861e+00 3.385802e-02
0.846559 0.846559 5.088252e-01 5.063815e-03
0.888761 0.888761 4.802722e-01 4.802108e-03
0.846043 0.846043 7.861613e-01 7.843618e-03
0.874362 0.874362 4.981751e-01 4.949093e-03
0.836884 0.836884 1.192419e+00 1.191782e-02
0.750535 0.750535 1.295449e+00 1.295060e-02
0.751629 0.751629 1.124991e+00 1.124812e-02
0.828102 0.828102 5.395554e-01 5.386495e-03
0.824142 0.824142 1.196718e+00 1.194615e-02
0.804670 0.804670 1.226986e+00 1.224407e-02
0.702906 0.702906 2.899555e+00 2.899202e-02
0.801226 0.801226 1.107094e+00 1.105128e-02
0.789347 0.789347 8.500256e-01 8.489225e-03
0.706303 0.706303 2.539200e+00 2.538563e-02
0.774176 0.774176 2.516241e+00 2.514939e-02
0.739596 0.739596 1.496748e+00 1.496269e-02
0.784594 0.784594 8.577733e-01 8.568359e-03
0.787250 0.787250 6.819597e-01 6.812172e-03
0.768912 0.768912 1.124179e+00 1.122818e-02
0.780709 0.780709 1.515596e+00 1.515410e-02
0.742372 0.742372 1.478391e+00 1.477065e-02
0.764840 0.764840 1.904052e+00 1.903409e-02
0.731853 0.731853 2.348043e+00 2.345065e-02
0.710955 0.710955 1.124894e+00 1.124278e-02
0.645009 0.645009 7.880762e+00 7.877710e-02
0.740440 0.740440 6.852416e-01 6.841713e-03
0.752126 0.752126 1.492272e+00 1.491106e-02
0.897323 0.897323 4.824921e-01 4.812110e-03
0.751688 0.751688 2.305750e+00 2.305201e-02
0.748606 0.748606 1.080810e+00 1.079622e-02
0.791706 0.791706 1.732941e+00 1.731168e-02
0.765092 0.765092 1.904415e+00 1.904267e-02
0.801064 0.801064 7.809755e-01 7.795312e-03
0.714501 0.714501 2.764303e+00 2.762958e-02
0.843507 0.843507 5.153553e-01 5.128767e-03
0.733260 0.733260 4.812175e+00 4.808043e-02
0.769494 0.769494 1.028317e+00 1.028308e-02
0.735862 0.735862 8.566009e-01 8.565432e-03
0.811998 0.811998 1.787344e+00 1.783285e-02
0.723819 0.723819 1.519269e+00 1.518269e-02
0.848282 0.848282 4.184907e-01 4.174012e-03
0.703291 0.703291 2.008954e+00 2.007867e-02
0.837327 0.837327 5.711897e-01 5.681409e-03
0.862615 0.862615 5.862333e-01 5.845574e-03
0.845548 0.845548 6.600784e-01 6.598903e-03
0.725015 0.725015 1.210734e+00 1.210497e-02
0.759203 0.759203 5.355538e-01 5.347702e-03
0.775481 0.775481 1.322973e+00 1.322882e-02
0.799668 0.799668 1.006228e+00 1.004546e-02
0.837427 0.837427 6.670214e-01 6.668275e-03
0.732451 0.732451 2.047062e+00 2.046488e-02
0.790119 0.790119 1.163770e+00 1.163158e-02
0.806718 0.806718 8.520025e-01 8.490910e-03
0.795770 0.795770 1.115048e+00 1.114109e-02
0.768101 0.768101 1.367925e+00 1.367713e-02
0.729388 0.729388 1.442781e+00 1.442572e-02
0.809803 0.809803 1.294639e+00 1.293943e-02
0.877903 0.877903 3.624054e-01 3.587056e-03
0.979682 0.979682 3.384708e-01 3.354065e-03
0.718858 0.718858 2.483747e+00 2.481274e-02
0.826538 0.826538 5.850575e-01 5.836791e-03
0.718706 0.718706 2.424097e+00 2.422766e-02
0.856530 0.856530 6.095168e-01 6.077640e-03
0.755337 0.755337 1.595114e+00 1.594021e-02
0.774689 0.774689 1.440458e+00 1.439590e-02
