0.917981 0.917981 8.281380e-01 8.268700e-03
0.916432 0.916432 1.272807e+00 1.271543e-02
0.891352 0.891352 1.564839e+00 1.563051e-02
0.894672 0.894672 2.318020e+00 2.317749e-02
0.896692 0.896692 4.036278e+00 4.028493e-02
0.903430 0.903430 2.428773e+00 2.422911e-02
0.904321 0.904321 2.150458e+00 2.147780e-02
0.913289 0.913289 9.946958e-01 9.898709e-03
0.916384 0.916384 8.555116e-01 8.549513e-03
0.898823 0.898823 3.105571e+00 3.101343e-02
0.911909 0.911909 1.090671e+00 1.088426e-02
0.882543 0.882543 2.746458e+00 2.745905e-02
0.895458 0.895458 2.133601e+00 2.132953e-02
0.885514 0.885514 2.518732e+00 2.516366e-02
0.885838 0.885838 3.918264e+00 3.917576e-02
0.875718 0.875718 7.412090e+00 7.397012e-02
0.892801 0.892801 5.055882e+00 5.047943e-02
0.905571 0.905571 6.443886e-01 6.435914e-03
0.895073 0.895073 3.649678e+00 3.643295e-02
0.901822 0.901822 1.617626e+00 1.615300e-02
0.928368 0.928368 5.070583e-01 5.069130e-03
0.870685 0.870685 5.333102e+00 5.321228e-02
0.901913 0.901913 1.951964e+00 1.949691e-02
0.913077 0.913077 9.433753e-01 9.421678e-03
0.865727 0.865727 2.867169e+00 2.860669e-02
0.917366 0.917366 1.011223e+00 1.011172e-02
0.897073 0.897073 2.953990e+00 2.946210e-02
0.945755 0.945755 3.145435e-01 3.139160e-03
0.883699 0.883699 1.736142e+00 1.733938e-02
0.887231 0.887231 2.604370e+00 2.599967e-02
0.889830 0.889830 2.157473e+00 2.156592e-02
0.912421 0.912421 6.823777e-01 6.808638e-03
0.891713 0.891713 2.252768e+00 2.250942e-02
0.883417 0.883417 3.212418e+00 3.207123e-02
0.883902 0.883902 5.521793e+00 5.515856e-02
0.900875 0.900875 2.436660e+00 2.432377e-02
0.922865 0.922865 3.061590e-01 3.025128e-03
0.938223 0.938223 3.875832e-01 3.858855e-03
0.901698 0.901698 2.019731e+00 2.018038e-02
0.908265 0.908265 1.538023e+00 1.534545e-02
0.863001 0.863001 5.341594e+00 5.334256e-02
0.926730 0.926730 1.017056e+00 1.016803e-02
0.906661 0.906661 1.941813e+00 1.932794e-02
0.925944 0.925944 7.398497e-01 7.363693e-03
0.921871 0.921871 4.621717e-01 4.578562e-03
0.887000 0.887000 2.230333e+00 2.227894e-02
0.926485 0.926485 1.009626e+00 1.009386e-02
0.887059 0.887059 1.615971e+00 1.614020e-02
0.907627 0.907627 1.840499e+00 1.837801e-02
0.895395 0.895395 1.209171e+00 1.208759e-02
0.891753 0.891753 1.816160e+00 1.812454e-02
0.907497 0.907497 3.864304e-01 3.837136e-03
0.890381 0.890381 2.400880e+00 2.400445e-02
0.869198 0.869198 8.525074e-01 8.507077e-03
0.877841 0.877841 5.591537e+00 5.583416e-02
0.930904 0.930904 3.518591e-01 3.516547e-03
0.891694 0.891694 2.898988e+00 2.893688e-02
0.906187 0.906187 2.422656e+00 2.422635e-02
0.886173 0.886173 1.095505e+00 1.092789e-02
0.932951 0.932951 5.387207e-01 5.375159e-03
0.894774 0.894774 2.943266e+00 2.940152e-02
0.903143 0.903143 1.112903e+00 1.111951e-02
0.889137 0.889137 2.813257e+00 2.807281e-02
0.890372 0.890372 2.539826e+00 2.534335e-02
0.898323 0.898323 1.806689e+00 1.799671e-02
0.888863 0.888863 2.511205e+00 2.501952e-02
0.912046 0.912046 7.584315e-01 7.546534e-03
0.901478 0.901478 2.034097e+00 2.031488e-02
0.887833 0.887833 2.775385e+00 2.768297e-02
0.912422 0.912422 6.537868e-01 6.520074e-03
0.894905 0.894905 9.800435e-01 9.780362e-03
0.881057 0.881057 1.234889e+00 1.231707e-02
0.940403 0.940403 5.398081e-01 5.380509e-03
0.914295 0.914295 6.637811e-01 6.628014e-03
0.910119 0.910119 7.552705e-01 7.530998e-03
0.911758 0.911758 1.290792e+00 1.286950e-02
0.912195 0.912195 1.500902e+00 1.500083e-02
0.896385 0.896385 1.890249e+00 1.886139e-02
0.899123 0.899123 1.956398e+00 1.956111e-02
0.916321 0.916321 9.279030e-01 9.267451e-03
0.912863 0.912863 1.014180e+00 1.012431e-02
0.895999 0.895999 1.899637e+00 1.895378e-02
0.897236 0.897236 2.561112e+00 2.560755e-02
0.903327 0.903327 7.550146e-01 7.546901e-03
0.902866 0.902866 1.758115e+00 1.753984e-02
0.874488 0.874488 3.909606e+00 3.907747e-02
0.924569 0.924569 1.154541e+00 1.151157e-02
0.916707 0.916707 9.938323e-01 9.902364e-03
0.900450 0.900450 1.296748e+00 1.292947e-02
0.905991 0.905991 9.908592e-01 9.884741e-03
0.916168 0.916168 6.952966e-01 6.920671e-03
0.900258 0.900258 1.124739e+00 1.122613e-02
0.887679 0.887679 4.366928e+00 4.358343e-02
0.876846 0.876846 4.759847e+00 4.754835e-02
0.887849 0.887849 1.625959e+00 1.621626e-02
0.910128 0.910128 1.412507e+00 1.410153e-02
0.905858 0.905858 1.072109e+00 1.071138e-02
0.894323 0.894323 2.053880e+00 2.050527e-02
0.930906 0.930906 3.096339e-01 3.060351e-03
0.893092 0.893092 3.703473e+00 3.699380e-02
0.883729 0.883729 1.935982e+00 1.933331e-02
0.868395 0.868395 5.381564e+00 5.379260e-02
0.907049 0.907049 1.687562e+00 1.685698e-02
0.878281 0.878281 1.847338e+00 1.845223e-02
0.892975 0.892975 2.205437e+00 2.205004e-02
0.910842 0.910842 1.006922e+00 1.003720e-02
0.905941 0.905941 1.794688e+00 1.790185e-02
0.892490 0.892490 3.690223e+00 3.684397e-02
0.891584 0.891584 4.815042e+00 4.809107e-02
0.878940 0.878940 3.768388e+00 3.766310e-02
0.878280 0.878280 3.944844e+00 3.944063e-02
0.885957 0.885957 4.859477e+00 4.853314e-02
0.903071 0.903071 1.347630e+00 1.343595e-02
0.904703 0.904703 1.394330e+00 1.392441e-02
0.880907 0.880907 2.223951e+00 2.223118e-02
0.893326 0.893326 2.798789e+00 2.797401e-02
0.885053 0.885053 2.108673e+00 2.106749e-02
0.858948 0.858948 7.414985e+00 7.400646e-02
0.898469 0.898469 1.373268e+00 1.370232e-02
0.899410 0.899410 2.181946e+00 2.178232e-02
0.948320 0.948320 2.174309e-01 2.172255e-03
0.911943 0.911943 1.744100e+00 1.742279e-02
0.913444 0.913444 1.682929e+00 1.681203e-02
0.895932 0.895932 1.550395e+00 1.548790e-02
0.905532 0.905532 9.206197e-01 9.200324e-03
0.914397 0.914397 2.921083e+00 2.916605e-02
0.899111 0.899111 6.178630e-01 6.156511e-03
0.901822 0.901822 9.044108e-01 9.017817e-03
0.894742 0.894742 1.970358e+00 1.965935e-02
0.889400 0.889400 1.985055e+00 1.976478e-02
0.862531 0.862531 4.932479e+00 4.925166e-02
0.905164 0.905164 8.513439e-01 8.476839e-03
0.899202 0.899202 2.413146e+00 2.406876e-02
0.892704 0.892704 2.398175e+00 2.396157e-02
0.883109 0.883109 2.734923e+00 2.732662e-02
0.897524 0.897524 1.091547e+00 1.088707e-02
0.903091 0.903091 1.542268e+00 1.541270e-02
0.885176 0.885176 1.648182e+00 1.648155e-02
0.902310 0.902310 1.543425e+00 1.541599e-02
0.877740 0.877740 4.219422e+00 4.215239e-02
0.899636 0.899636 1.385274e+00 1.384018e-02
0.899112 0.899112 1.973589e+00 1.970637e-02
0.885913 0.885913 2.842891e+00 2.839070e-02
0.881691 0.881691 7.468746e+00 7.464969e-02
0.894318 0.894318 1.473766e+00 1.472112e-02
0.896756 0.896756 2.801523e+00 2.795920e-02
0.904144 0.904144 1.704946e+00 1.698212e-02
0.902220 0.902220 1.914043e+00 1.913493e-02
0.909362 0.909362 9.587245e-01 9.574064e-03
0.874688 0.874688 3.554795e+00 3.552466e-02
0.924326 0.924326 5.879563e-01 5.875628e-03
0.897931 0.897931 1.413810e+00 1.413292e-02
0.918141 0.918141 9.941673e-01 9.896515e-03
0.901124 0.901124 2.048795e+00 2.046995e-02
0.911925 0.911925 1.748927e+00 1.748705e-02
0.898044 0.898044 1.594013e+00 1.589698e-02
0.913526 0.913526 1.341476e+00 1.340352e-02
0.887935 0.887935 2.788848e+00 2.784800e-02
0.894632 0.894632 2.567456e+00 2.561369e-02
0.895349 0.895349 2.494820e+00 2.489755e-02
0.862448 0.862448 8.599708e+00 8.589100e-02
0.925366 0.925366 3.271847e-01 3.263164e-03
0.917437 0.917437 1.267259e+00 1.263094e-02
0.912848 0.912848 1.005214e+00 1.003541e-02
0.882117 0.882117 2.310524e+00 2.306468e-02
0.867447 0.867447 3.617338e+00 3.616355e-02
0.883492 0.883492 8.463326e+00 8.463090e-02
0.918921 0.918921 1.320481e+00 1.319095e-02
0.878982 0.878982 2.014326e+00 2.013046e-02
0.897742 0.897742 4.248388e+00 4.240384e-02
0.914329 0.914329 5.587769e-01 5.566213e-03
0.905201 0.905201 4.670767e-01 4.652690e-03
0.901444 0.901444 9.594591e-01 9.577855e-03
0.869350 0.869350 9.005795e+00 8.998803e-02
0.910918 0.910918 1.243473e+00 1.237726e-02
0.880530 0.880530 1.537741e+00 1.536096e-02
0.883708 0.883708 6.311268e+00 6.309690e-02
0.913411 0.913411 1.231396e+00 1.223243e-02
0.900372 0.900372 2.108807e+00 2.103743e-02
0.897229 0.897229 2.119386e+00 2.113307e-02
0.922989 0.922989 3.123442e-01 3.116452e-03
0.890454 0.890454 2.710408e+00 2.708335e-02
0.894273 0.894273 1.416383e+00 1.412892e-02
0.899013 0.899013 1.788624e+00 1.784134e-02
0.874340 0.874340 3.709964e+00 3.709249e-02
0.898679 0.898679 3.361134e+00 3.352570e-02
0.884102 0.884102 2.335809e+00 2.331120e-02
0.906632 0.906632 6.996777e-01 6.980677e-03
0.870430 0.870430 5.534553e+00 5.533334e-02
0.905627 0.905627 1.246841e+00 1.244553e-02
0.894487 0.894487 1.458816e+00 1.453467e-02
0.888628 0.888628 2.077031e+00 2.073626e-02
0.890854 0.890854 1.330633e+00 1.327162e-02
0.904947 0.904947 9.803088e-01 9.771106e-03
0.892024 0.892024 3.310979e+00 3.299311e-02
0.910910 0.910910 1.281779e+00 1.279158e-02
0.904845 0.904845 1.034353e+00 1.031840e-02
0.920145 0.920145 9.671817e-01 9.639217e-03
0.913725 0.913725 1.216181e+00 1.212380e-02
0.910366 0.910366 9.821601e-01 9.798125e-03
0.891390 0.891390 3.269897e+00 3.266108e-02
0.902974 0.902974 1.358652e+00 1.349298e-02
0.882882 0.882882 3.449378e+00 3.444062e-02
0.884644 0.884644 2.291493e+00 2.290063e-02
0.886665 0.886665 2.944308e+00 2.942067e-02
0.901911 0.901911 3.461796e+00 3.451868e-02
0.881760 0.881760 5.054922e+00 5.051211e-02
0.907008 0.907008 1.119820e+00 1.117914e-02
0.868522 0.868522 6.874415e+00 6.871461e-02
0.897345 0.897345 2.870401e+00 2.863509e-02
0.913496 0.913496 8.644496e-01 8.641347e-03
0.901835 0.901835 6.843871e-01 6.823787e-03
0.879432 0.879432 4.126051e+00 4.122224e-02
0.916174 0.916174 8.449248e-01 8.439249e-03
0.899068 0.899068 1.113989e+00 1.111491e-02
0.881392 0.881392 3.574710e+00 3.572223e-02
0.889237 0.889237 3.142707e+00 3.140334e-02
0.889792 0.889792 2.383214e+00 2.382472e-02
0.901171 0.901171 2.163362e+00 2.155946e-02
0.852663 0.852663 5.695454e+00 5.688588e-02
0.921435 0.921435 6.073385e-01 6.048254e-03
0.912039 0.912039 9.205151e-01 9.181759e-03
0.865440 0.865440 6.646442e+00 6.644772e-02
0.878773 0.878773 2.894367e+00 2.891079e-02
0.888272 0.888272 2.455080e+00 2.450784e-02
0.860852 0.860852 5.141593e+00 5.135944e-02
0.906724 0.906724 1.021902e+00 1.017108e-02
0.872800 0.872800 4.347954e+00 4.344527e-02
0.915379 0.915379 4.364267e-01 4.357397e-03
0.862287 0.862287 1.936776e+00 1.936768e-02
0.908862 0.908862 1.737282e+00 1.733391e-02
0.912688 0.912688 1.236110e+00 1.234817e-02
0.921983 0.921983 6.324936e-01 6.292106e-03
0.918028 0.918028 1.430695e+00 1.429844e-02
0.910417 0.910417 1.186338e+00 1.184126e-02
0.896807 0.896807 2.888004e+00 2.885275e-02
0.857320 0.857320 2.931919e+00 2.926316e-02
0.919745 0.919745 8.915600e-01 8.912287e-03
0.898114 0.898114 2.290255e+00 2.287982e-02
0.893818 0.893818 3.533822e+00 3.532177e-02
0.886688 0.886688 3.652419e+00 3.646642e-02
0.887661 0.887661 6.226840e+00 6.221739e-02
0.899100 0.899100 1.550781e+00 1.549535e-02
0.881498 0.881498 3.615818e+00 3.605496e-02
0.915929 0.915929 1.263355e+00 1.262223e-02
0.926150 0.926150 5.768022e-01 5.765520e-03
0.941323 0.941323 3.776734e-01 3.741216e-03
0.919566 0.919566 1.013661e+00 1.009804e-02
0.895517 0.895517 2.154976e+00 2.152439e-02
0.880023 0.880023 3.087253e+00 3.086782e-02
0.881280 0.881280 3.933418e+00 3.931372e-02
0.931875 0.931875 8.254824e-01 8.202859e-03
0.875364 0.875364 6.041581e+00 6.034644e-02
0.903919 0.903919 2.194405e+00 2.190442e-02
0.876320 0.876320 2.888855e+00 2.887063e-02
0.866455 0.866455 5.244590e+00 5.237669e-02
0.891726 0.891726 3.887968e+00 3.885076e-02
0.913102 0.913102 1.285969e+00 1.283492e-02
0.890960 0.890960 1.664240e+00 1.658725e-02
0.954821 0.954821 2.971907e-01 2.936832e-03
0.914340 0.914340 2.139467e+00 2.139015e-02
0.878502 0.878502 1.475074e+00 1.472829e-02
0.888705 0.888705 3.938501e+00 3.932957e-02
0.890073 0.890073 3.782827e+00 3.781183e-02
0.901457 0.901457 1.956474e+00 1.952155e-02
0.875369 0.875369 5.989956e+00 5.977097e-02
0.896922 0.896922 1.909540e+00 1.906616e-02
0.838190 0.838190 2.054937e+01 2.054411e-01
0.890402 0.890402 2.918434e+00 2.907597e-02
0.896819 0.896819 1.277974e+00 1.276378e-02
0.899961 0.899961 2.206111e+00 2.204929e-02
0.920876 0.920876 8.801482e-01 8.788317e-03
0.896279 0.896279 4.091520e+00 4.091339e-02
0.893392 0.893392 2.548528e+00 2.540578e-02
0.913097 0.913097 8.279828e-01 8.248463e-03
0.909952 0.909952 7.526188e-01 7.522170e-03
0.895928 0.895928 1.743352e+00 1.742277e-02
0.892843 0.892843 1.799150e+00 1.798728e-02
0.894907 0.894907 1.229794e+00 1.228040e-02
0.915586 0.915586 1.474445e+00 1.474229e-02
0.906932 0.906932 7.887919e-01 7.857444e-03
0.912347 0.912347 2.350765e+00 2.346656e-02
0.909929 0.909929 1.492380e+00 1.488977e-02
0.902180 0.902180 8.728371e-01 8.724983e-03
0.899157 0.899157 1.104590e+00 1.103504e-02
0.913604 0.913604 1.305907e+00 1.302214e-02
0.864829 0.864829 1.016443e+01 1.016148e-01
0.877402 0.877402 2.335053e+00 2.327554e-02
0.900434 0.900434 2.637470e+00 2.631669e-02
0.879176 0.879176 5.730249e+00 5.718900e-02
0.899252 0.899252 2.550990e+00 2.550497e-02
0.928811 0.928811 6.639468e-01 6.631557e-03
0.911444 0.911444 8.884476e-01 8.873476e-03
0.913155 0.913155 1.344701e+00 1.341416e-02
0.872104 0.872104 8.416433e+00 8.413743e-02
0.895234 0.895234 2.251474e+00 2.248444e-02
0.903440 0.903440 9.889835e-01 9.867364e-03
0.898270 0.898270 3.527816e+00 3.524237e-02
0.921469 0.921469 1.029133e+00 1.023856e-02
0.890332 0.890332 3.268475e+00 3.263455e-02
0.870093 0.870093 4.605451e+00 4.602725e-02
0.896508 0.896508 2.188486e+00 2.188344e-02
0.881599 0.881599 5.028417e+00 5.025489e-02
0.904359 0.904359 1.568793e+00 1.564574e-02
0.892820 0.892820 2.359319e+00 2.355813e-02
0.850962 0.850962 1.448895e+01 1.447952e-01
0.892295 0.892295 3.105901e+00 3.099368e-02
0.886029 0.886029 2.807448e+00 2.800524e-02
0.897619 0.897619 2.436349e+00 2.427446e-02
0.890555 0.890555 2.412712e+00 2.409756e-02
0.876499 0.876499 1.963921e+00 1.960413e-02
0.901176 0.901176 2.746923e+00 2.740856e-02
0.901547 0.901547 3.611797e+00 3.607392e-02
0.889006 0.889006 7.134947e+00 7.117039e-02
0.917297 0.917297 9.952374e-01 9.939977e-03
0.902776 0.902776 9.576491e-01 9.524800e-03
0.881512 0.881512 2.780078e+00 2.777973e-02
0.893578 0.893578 1.316472e+00 1.315871e-02
0.901934 0.901934 1.418842e+00 1.417060e-02
0.874409 0.874409 2.670480e+00 2.669961e-02
0.919218 0.919218 1.326621e+00 1.326010e-02
0.860594 0.860594 1.346509e+01 1.345183e-01
0.896238 0.896238 1.971540e+00 1.967524e-02
0.886096 0.886096 5.738219e+00 5.737024e-02
0.918189 0.918189 1.329095e+00 1.326887e-02
0.849683 0.849683 9.047257e+00 9.046601e-02
0.879411 0.879411 2.466117e+00 2.462382e-02
0.899339 0.899339 2.213316e+00 2.212064e-02
0.913933 0.913933 1.077010e+00 1.073622e-02
0.885985 0.885985 5.678709e+00 5.670657e-02
0.911026 0.911026 8.502946e-01 8.501199e-03
0.888817 0.888817 1.666892e+00 1.665248e-02
0.901248 0.901248 2.406164e+00 2.404621e-02
0.912266 0.912266 1.879688e+00 1.877993e-02
0.896083 0.896083 2.328512e+00 2.328237e-02
0.922077 0.922077 7.305660e-01 7.284739e-03
0.895178 0.895178 2.830163e+00 2.828652e-02
0.864186 0.864186 4.721324e+00 4.715583e-02
0.867112 0.867112 7.090440e+00 7.084930e-02
0.916081 0.916081 1.039861e+00 1.037230e-02
0.901456 0.901456 1.845406e+00 1.842046e-02
0.915555 0.915555 1.428505e+00 1.422125e-02
0.891818 0.891818 1.341694e+00 1.340919e-02
0.914681 0.914681 1.186536e+00 1.186429e-02
0.891100 0.891100 3.297331e+00 3.291588e-02
0.924654 0.924654 1.083828e+00 1.078386e-02
0.892892 0.892892 2.550585e+00 2.544586e-02
0.895782 0.895782 2.437304e+00 2.433891e-02
0.890017 0.890017 4.222104e+00 4.216289e-02
0.870522 0.870522 3.011876e+00 3.011489e-02
0.906909 0.906909 2.149692e+00 2.145542e-02
0.901078 0.901078 1.890286e+00 1.887430e-02
0.922835 0.922835 9.981058e-01 9.968108e-03
0.887262 0.887262 4.624753e+00 4.617117e-02
0.871452 0.871452 4.933450e+00 4.930540e-02
0.847191 0.847191 6.089212e+00 6.080142e-02
0.898309 0.898309 2.292353e+00 2.290556e-02
0.897518 0.897518 3.713908e+00 3.711499e-02
0.900096 0.900096 3.288821e+00 3.286377e-02
0.873450 0.873450 6.305795e+00 6.303122e-02
0.875372 0.875372 3.598043e+00 3.591527e-02
0.884353 0.884353 3.626898e+00 3.624740e-02
0.904782 0.904782 1.460687e+00 1.458195e-02
0.868262 0.868262 3.908011e+00 3.903780e-02
0.875660 0.875660 6.151439e+00 6.149002e-02
0.925690 0.925690 5.655421e-01 5.648579e-03
0.909565 0.909565 7.469697e-01 7.438704e-03
0.900523 0.900523 1.787710e+00 1.785312e-02
0.893441 0.893441 2.379601e+00 2.377244e-02
0.894697 0.894697 9.253698e-01 9.230209e-03
0.907856 0.907856 1.311636e+00 1.309123e-02
0.893677 0.893677 1.239268e+00 1.238494e-02
0.970861 0.970861 2.277202e-01 2.262191e-03
0.925864 0.925864 7.556690e-01 7.492736e-03
0.899602 0.899602 2.478379e+00 2.477107e-02
0.908846 0.908846 1.125593e+00 1.122320e-02
0.909260 0.909260 1.408336e+00 1.404700e-02
0.881596 0.881596 2.715642e+00 2.707533e-02
0.894229 0.894229 2.196085e+00 2.188737e-02
0.895322 0.895322 9.955086e-01 9.909530e-03
0.906993 0.906993 2.515190e+00 2.510754e-02
0.884191 0.884191 1.074761e+00 1.072819e-02
0.875390 0.875390 3.208135e+00 3.203243e-02
0.890001 0.890001 4.486504e+00 4.482875e-02
0.844287 0.844287 5.005507e+00 5.004853e-02
0.868651 0.868651 3.269756e+00 3.269611e-02
0.918823 0.918823 7.001271e-01 6.971195e-03
0.907047 0.907047 1.567434e+00 1.567190e-02
0.884279 0.884279 3.409866e+00 3.406573e-02
0.891519 0.891519 1.442552e+00 1.437762e-02
0.911240 0.911240 7.614997e-01 7.596901e-03
0.908704 0.908704 1.978210e+00 1.977359e-02
0.893433 0.893433 2.370383e+00 2.370348e-02
0.891513 0.891513 1.555326e+00 1.553798e-02
0.908169 0.908169 1.475091e+00 1.473852e-02
0.878507 0.878507 3.418956e+00 3.412447e-02
0.890792 0.890792 2.283450e+00 2.279594e-02
0.901219 0.901219 1.981133e+00 1.979001e-02
0.921366 0.921366 1.047744e+00 1.044023e-02
0.891581 0.891581 1.632528e+00 1.631766e-02
0.901321 0.901321 7.989557e-01 7.974375e-03
0.898197 0.898197 2.181505e+00 2.179127e-02
0.872440 0.872440 4.705672e+00 4.699720e-02
0.914038 0.914038 8.211230e-01 8.174206e-03
0.908923 0.908923 1.676463e+00 1.670246e-02
0.907350 0.907350 1.901899e+00 1.896133e-02
0.888375 0.888375 2.393079e+00 2.387804e-02
0.879829 0.879829 2.923443e+00 2.921351e-02
0.880594 0.880594 3.796252e+00 3.783865e-02
0.919453 0.919453 6.276084e-01 6.270972e-03
0.889292 0.889292 5.508467e+00 5.502070e-02
0.934838 0.934838 3.985292e-01 3.948188e-03
0.879956 0.879956 7.397153e-01 7.372759e-03
0.893835 0.893835 2.741968e+00 2.739867e-02
0.869702 0.869702 4.691661e+00 4.690542e-02
0.903206 0.903206 1.642873e+00 1.637338e-02
0.919297 0.919297 4.966429e-01 4.959831e-03
0.901612 0.901612 1.746130e+00 1.744270e-02
0.866280 0.866280 4.031180e+00 4.030433e-02
0.904712 0.904712 1.581875e+00 1.576096e-02
0.920015 0.920015 5.171424e-01 5.165500e-03
0.909826 0.909826 1.707218e+00 1.703598e-02
0.906960 0.906960 1.029797e+00 1.020681e-02
0.892628 0.892628 3.736085e+00 3.732389e-02
0.894081 0.894081 1.447511e+00 1.447498e-02
0.884029 0.884029 7.073840e+00 7.058529e-02
0.872863 0.872863 4.231659e+00 4.229521e-02
0.894498 0.894498 1.367267e+00 1.363930e-02
0.891391 0.891391 3.105203e+00 3.095242e-02
0.905010 0.905010 1.393727e+00 1.390312e-02
0.888369 0.888369 4.546109e+00 4.539493e-02
0.903159 0.903159 2.122883e+00 2.121408e-02
0.887011 0.887011 2.468007e+00 2.467425e-02
0.898059 0.898059 1.494128e+00 1.491200e-02
0.887769 0.887769 1.498660e+00 1.495716e-02
0.890384 0.890384 2.732807e+00 2.724423e-02
0.901054 0.901054 2.346547e+00 2.343121e-02
0.901044 0.901044 1.187468e+00 1.186170e-02
0.892890 0.892890 1.090825e+00 1.085733e-02
0.887132 0.887132 1.457769e+00 1.456603e-02
0.890894 0.890894 5.040086e+00 5.037755e-02
0.921985 0.921985 9.486143e-01 9.461836e-03
0.885343 0.885343 3.335358e+00 3.331007e-02
0.901921 0.901921 2.923354e+00 2.918929e-02
0.905267 0.905267 1.575769e+00 1.574046e-02
0.887565 0.887565 1.943598e+00 1.943050e-02
0.873963 0.873963 3.205694e+00 3.201734e-02
0.915090 0.915090 5.956838e-01 5.921999e-03
0.895546 0.895546 3.764409e+00 3.762842e-02
0.904181 0.904181 2.232138e+00 2.224674e-02
0.895899 0.895899 1.621305e+00 1.619393e-02
0.902839 0.902839 1.328736e+00 1.328144e-02
0.887477 0.887477 2.039391e+00 2.037396e-02
0.894442 0.894442 3.145808e+00 3.140584e-02
0.890558 0.890558 1.239993e+00 1.235517e-02
0.874083 0.874083 7.252736e+00 7.248029e-02
0.867857 0.867857 8.742768e+00 8.739960e-02
0.887754 0.887754 4.197240e+00 4.197209e-02
0.891317 0.891317 3.314978e+00 3.313332e-02
0.888464 0.888464 3.639851e+00 3.634637e-02
0.884102 0.884102 4.352690e+00 4.350767e-02
0.893340 0.893340 2.409808e+00 2.407956e-02
0.894043 0.894043 9.918938e-01 9.900170e-03
0.901187 0.901187 2.382109e+00 2.380523e-02
0.885492 0.885492 7.568713e-01 7.562293e-03
0.908280 0.908280 3.496813e-01 3.494528e-03
0.871294 0.871294 5.865348e+00 5.852785e-02
0.903392 0.903392 1.346583e+00 1.343076e-02
0.909073 0.909073 1.542256e+00 1.539388e-02
0.878771 0.878771 6.897444e+00 6.896424e-02
0.922659 0.922659 1.285632e+00 1.281057e-02
0.899148 0.899148 3.080797e+00 3.078711e-02
0.902662 0.902662 1.037132e+00 1.034749e-02
0.924681 0.924681 5.970028e-01 5.926978e-03
0.916667 0.916667 9.719499e-01 9.689836e-03
0.933524 0.933524 6.321371e-01 6.298022e-03
0.904389 0.904389 1.844079e+00 1.841237e-02
0.898922 0.898922 6.778599e-01 6.766808e-03
0.906340 0.906340 1.141863e+00 1.139367e-02
0.910944 0.910944 1.190080e+00 1.188075e-02
0.898968 0.898968 3.082026e+00 3.078421e-02
0.894774 0.894774 1.886346e+00 1.882545e-02
0.888929 0.888929 3.245798e+00 3.244544e-02
0.884789 0.884789 3.541894e+00 3.539246e-02
0.899093 0.899093 2.095076e+00 2.091964e-02
0.916005 0.916005 9.646206e-01 9.638032e-03
0.902808 0.902808 1.047590e+00 1.043836e-02
0.913137 0.913137 1.962432e+00 1.957672e-02
0.910608 0.910608 1.706067e+00 1.705953e-02
0.903185 0.903185 2.300686e+00 2.293145e-02
0.926298 0.926298 4.378257e-01 4.341518e-03
0.870797 0.870797 5.149280e+00 5.143956e-02
0.886369 0.886369 3.717489e+00 3.713442e-02
0.884850 0.884850 4.590588e+00 4.581313e-02
0.885538 0.885538 4.348266e+00 4.337534e-02
0.877168 0.877168 6.981173e+00 6.978871e-02
0.881958 0.881958 6.128944e+00 6.124359e-02
0.902555 0.902555 1.454685e+00 1.451013e-02
0.875909 0.875909 9.966595e+00 9.959434e-02
0.855864 0.855864 2.013168e+01 2.013163e-01
