0.989599 0.989599 3.227723e-01 3.197885e-03
0.989270 0.989270 3.234454e-01 3.203416e-03
0.988784 0.988784 3.252603e-01 3.205496e-03
0.988549 0.988549 3.280042e-01 3.219629e-03
0.988241 0.988241 3.327973e-01 3.243424e-03
0.987689 0.987689 3.305543e-01 3.230762e-03
0.987544 0.987544 3.325769e-01 3.291527e-03
0.986831 0.986831 3.352192e-01 3.328019e-03
0.986233 0.986233 3.363512e-01 3.317204e-03
0.985836 0.985836 3.372980e-01 3.355566e-03
0.986187 0.986187 3.332930e-01 3.273412e-03
0.985043 0.985043 3.409125e-01 3.405937e-03
0.985745 0.985745 3.355176e-01 3.302504e-03
0.987190 0.987190 3.268483e-01 3.227995e-03
0.983617 0.983617 3.437774e-01 3.409958e-03
0.986344 0.986344 3.265438e-01 3.208176e-03
0.985821 0.985821 3.288391e-01 3.232779e-03
0.982711 0.982711 3.497824e-01 3.429859e-03
0.985660 0.985660 3.280083e-01 3.278143e-03
0.982296 0.982296 3.511299e-01 3.503935e-03
0.983015 0.983015 3.376399e-01 3.314505e-03
0.981248 0.981248 3.638888e-01 3.606706e-03
0.981701 0.981701 3.719229e-01 3.666071e-03
0.980262 0.980262 3.544129e-01 3.493314e-03
0.979546 0.979546 3.693772e-01 3.641256e-03
0.981280 0.981280 3.406406e-01 3.398403e-03
0.978819 0.978819 3.850019e-01 3.723938e-03
0.981512 0.981512 3.420549e-01 3.321294e-03
0.981342 0.981342 3.482567e-01 3.469592e-03
0.977770 0.977770 3.743261e-01 3.637662e-03
0.977672 0.977672 3.795544e-01 3.789712e-03
0.982502 0.982502 3.381773e-01 3.323656e-03
0.979336 0.979336 3.507333e-01 3.494600e-03
0.975820 0.975820 3.732699e-01 3.627970e-03
0.977623 0.977623 3.685906e-01 3.615304e-03
0.974921 0.974921 3.770318e-01 3.718113e-03
0.976979 0.976979 3.772081e-01 3.764864e-03
0.977880 0.977880 3.712011e-01 3.647996e-03
0.976341 0.976341 3.820481e-01 3.692360e-03
0.979670 0.979670 3.378032e-01 3.367597e-03
0.971240 0.971240 4.178422e-01 4.148807e-03
0.978196 0.978196 3.464942e-01 3.418336e-03
0.973482 0.973482 3.951005e-01 3.913275e-03
0.973020 0.973020 4.049454e-01 3.976208e-03
0.972723 0.972723 4.000787e-01 3.858429e-03
0.974706 0.974706 4.037080e-01 4.033199e-03
0.971381 0.971381 4.484892e-01 4.268159e-03
0.973075 0.973075 4.107630e-01 4.054991e-03
0.974952 0.974952 3.708252e-01 3.596751e-03
0.973634 0.973634 3.565824e-01 3.499541e-03
0.974784 0.974784 3.697275e-01 3.639280e-03
0.978949 0.978949 3.370235e-01 3.333983e-03
0.970442 0.970442 4.099538e-01 4.028710e-03
0.969088 0.969088 4.565756e-01 4.441474e-03
0.969288 0.969288 4.206809e-01 4.193553e-03
0.971836 0.971836 4.325636e-01 4.245896e-03
0.969911 0.969911 3.939754e-01 3.824124e-03
0.974411 0.974411 3.587916e-01 3.575960e-03
0.971802 0.971802 3.798192e-01 3.632262e-03
0.972054 0.972054 3.724311e-01 3.698110e-03
0.964936 0.964936 4.464512e-01 4.370489e-03
0.972149 0.972149 3.646931e-01 3.621449e-03
0.967549 0.967549 4.165094e-01 4.052814e-03
0.967624 0.967624 4.345190e-01 4.327151e-03
0.967779 0.967779 4.312188e-01 4.301747e-03
0.969669 0.969669 4.206019e-01 4.122434e-03
0.972306 0.972306 3.807964e-01 3.700177e-03
0.968275 0.968275 3.709538e-01 3.647433e-03
0.966694 0.966694 4.264323e-01 4.237961e-03
0.965424 0.965424 3.890959e-01 3.746583e-03
0.973397 0.973397 3.560436e-01 3.546573e-03
0.961523 0.961523 4.403156e-01 4.383886e-03
0.972764 0.972764 3.524576e-01 3.460464e-03
0.967239 0.967239 3.993531e-01 3.933540e-03
0.975524 0.975524 3.361714e-01 3.357799e-03
0.965567 0.965567 3.981480e-01 3.897794e-03
0.963080 0.963080 4.414443e-01 4.272468e-03
0.964239 0.964239 4.404302e-01 4.293420e-03
0.966719 0.966719 3.816756e-01 3.708877e-03
0.961979 0.961979 4.377558e-01 4.325731e-03
0.960962 0.960962 4.692706e-01 4.596788e-03
0.962313 0.962313 4.930334e-01 4.898283e-03
0.965372 0.965372 3.833432e-01 3.790597e-03
0.962787 0.962787 4.270011e-01 4.169113e-03
0.953176 0.953176 5.684696e-01 5.668955e-03
0.960057 0.960057 4.302055e-01 4.260612e-03
0.954067 0.954067 5.723852e-01 5.648358e-03
0.961246 0.961246 4.523201e-01 4.486006e-03
0.959480 0.959480 4.043322e-01 4.042968e-03
0.956028 0.956028 5.060075e-01 4.983750e-03
0.956766 0.956766 5.253414e-01 5.126883e-03
0.955884 0.955884 5.132305e-01 4.985835e-03
0.958653 0.958653 4.871933e-01 4.840248e-03
0.951754 0.951754 5.316160e-01 5.192678e-03
0.951372 0.951372 6.328822e-01 6.269861e-03
0.952456 0.952456 6.188668e-01 6.159404e-03
0.967022 0.967022 3.728774e-01 3.677673e-03
0.952764 0.952764 4.919870e-01 4.829175e-03
0.958582 0.958582 4.223580e-01 4.165680e-03
0.955709 0.955709 4.342253e-01 4.325711e-03
0.947958 0.947958 5.609944e-01 5.531704e-03
0.953852 0.953852 5.019070e-01 5.003902e-03
0.961049 0.961049 3.799945e-01 3.769511e-03
0.965292 0.965292 3.640683e-01 3.619936e-03
0.956241 0.956241 4.299463e-01 4.148419e-03
0.951690 0.951690 5.640199e-01 5.501964e-03
0.947558 0.947558 5.418042e-01 5.358920e-03
0.955547 0.955547 5.103772e-01 4.972640e-03
0.941713 0.941713 7.150787e-01 6.846960e-03
0.947474 0.947474 6.113660e-01 6.076681e-03
0.949812 0.949812 5.144972e-01 4.989704e-03
0.949964 0.949964 4.784507e-01 4.750366e-03
0.950609 0.950609 6.636840e-01 6.606076e-03
0.941910 0.941910 6.164288e-01 6.135599e-03
0.936322 0.936322 5.778925e-01 5.648834e-03
0.952283 0.952283 5.008191e-01 4.958260e-03
0.944020 0.944020 5.673020e-01 5.635659e-03
0.961594 0.961594 4.102411e-01 4.046511e-03
0.936900 0.936900 8.599566e-01 8.457951e-03
0.949013 0.949013 4.588998e-01 4.438482e-03
0.951267 0.951267 5.491791e-01 5.364289e-03
0.940275 0.940275 7.675734e-01 7.657908e-03
0.949935 0.949935 4.906968e-01 4.809537e-03
0.949705 0.949705 4.608614e-01 4.581733e-03
0.955985 0.955985 4.215406e-01 4.139051e-03
0.937949 0.937949 7.383690e-01 7.307130e-03
0.941101 0.941101 5.085602e-01 5.031491e-03
0.934947 0.934947 8.833387e-01 8.723918e-03
0.949521 0.949521 4.223772e-01 4.088117e-03
0.943320 0.943320 5.801321e-01 5.794819e-03
0.948336 0.948336 5.282207e-01 5.261377e-03
0.948405 0.948405 5.392725e-01 5.345963e-03
0.950806 0.950806 4.014779e-01 3.993567e-03
0.940866 0.940866 6.004233e-01 5.944416e-03
0.943021 0.943021 5.990774e-01 5.981063e-03
0.944200 0.944200 4.943374e-01 4.926814e-03
0.934789 0.934789 6.009077e-01 5.901743e-03
0.943917 0.943917 6.069777e-01 5.976547e-03
0.935058 0.935058 5.421612e-01 5.408670e-03
0.931222 0.931222 9.286145e-01 9.080586e-03
0.938921 0.938921 5.395889e-01 5.348335e-03
0.951113 0.951113 4.310504e-01 4.141065e-03
0.962036 0.962036 3.377465e-01 3.316587e-03
0.958468 0.958468 3.865523e-01 3.801739e-03
0.940623 0.940623 5.550102e-01 5.468684e-03
0.930845 0.930845 6.925056e-01 6.840104e-03
0.935673 0.935673 6.591959e-01 6.576373e-03
0.933389 0.933389 6.268864e-01 6.193499e-03
0.938646 0.938646 6.204580e-01 6.181416e-03
0.938900 0.938900 5.080838e-01 4.979210e-03
0.937019 0.937019 5.057242e-01 4.937421e-03
0.923704 0.923704 7.567172e-01 7.542584e-03
0.939777 0.939777 4.761632e-01 4.745311e-03
0.919048 0.919048 1.306184e+00 1.300583e-02
0.937486 0.937486 6.150799e-01 6.045301e-03
0.920594 0.920594 7.476362e-01 7.405089e-03
0.925406 0.925406 7.088799e-01 7.078620e-03
0.927995 0.927995 6.675356e-01 6.658487e-03
0.938049 0.938049 5.747582e-01 5.716975e-03
0.933188 0.933188 7.708081e-01 7.636555e-03
0.928665 0.928665 7.889037e-01 7.805391e-03
0.960475 0.960475 3.654851e-01 3.653832e-03
0.937508 0.937508 5.459926e-01 5.384435e-03
0.932191 0.932191 6.392062e-01 6.381630e-03
0.932302 0.932302 6.465655e-01 6.444768e-03
0.916986 0.916986 1.457180e+00 1.454523e-02
0.918353 0.918353 9.388846e-01 9.292765e-03
0.919453 0.919453 9.963636e-01 9.943074e-03
0.920521 0.920521 6.728089e-01 6.597226e-03
0.920811 0.920811 9.677205e-01 9.650382e-03
0.935776 0.935776 5.326188e-01 5.222041e-03
0.920197 0.920197 8.880351e-01 8.867904e-03
0.923958 0.923958 6.907704e-01 6.865113e-03
0.918767 0.918767 8.320583e-01 8.285154e-03
0.914272 0.914272 1.093919e+00 1.088586e-02
0.920821 0.920821 8.062245e-01 8.010716e-03
0.938460 0.938460 5.071132e-01 4.950275e-03
0.921780 0.921780 1.179222e+00 1.166462e-02
0.931127 0.931127 4.811171e-01 4.773767e-03
0.922778 0.922778 6.726579e-01 6.637567e-03
0.924993 0.924993 6.191776e-01 6.137014e-03
0.928063 0.928063 5.737897e-01 5.727461e-03
0.918686 0.918686 7.153128e-01 7.105805e-03
0.926928 0.926928 5.663612e-01 5.550107e-03
0.936114 0.936114 4.385871e-01 4.385375e-03
0.930505 0.930505 5.029605e-01 4.907019e-03
0.916675 0.916675 1.004891e+00 1.003069e-02
0.959286 0.959286 3.411760e-01 3.334401e-03
0.921612 0.921612 6.733186e-01 6.709427e-03
0.919157 0.919157 9.258321e-01 9.229452e-03
0.926994 0.926994 5.547924e-01 5.539009e-03
0.917470 0.917470 6.493357e-01 6.440363e-03
0.907640 0.907640 8.791102e-01 8.721324e-03
0.902358 0.902358 1.437549e+00 1.430243e-02
0.918562 0.918562 8.254547e-01 8.236988e-03
0.914953 0.914953 6.282351e-01 6.256088e-03
0.918559 0.918559 7.737562e-01 7.600900e-03
0.929647 0.929647 5.759726e-01 5.652080e-03
0.918687 0.918687 7.375604e-01 7.258034e-03
0.910909 0.910909 1.168996e+00 1.160525e-02
0.916003 0.916003 6.866050e-01 6.781787e-03
0.909635 0.909635 1.187449e+00 1.178377e-02
0.904548 0.904548 9.510925e-01 9.480047e-03
0.917988 0.917988 8.743334e-01 8.658625e-03
0.914219 0.914219 7.089105e-01 7.054800e-03
0.950662 0.950662 3.462109e-01 3.423779e-03
0.910206 0.910206 7.223340e-01 7.214803e-03
0.930326 0.930326 4.832771e-01 4.821860e-03
0.907359 0.907359 7.952257e-01 7.902474e-03
0.908637 0.908637 7.146498e-01 7.125544e-03
0.893598 0.893598 1.156279e+00 1.151002e-02
0.919844 0.919844 6.402344e-01 6.369209e-03
0.939789 0.939789 3.753711e-01 3.699434e-03
0.934149 0.934149 4.644078e-01 4.578797e-03
0.934436 0.934436 4.645086e-01 4.579546e-03
0.924075 0.924075 4.758638e-01 4.745405e-03
0.916226 0.916226 6.808138e-01 6.787463e-03
0.893142 0.893142 1.050816e+00 1.039605e-02
0.928803 0.928803 5.010793e-01 4.964108e-03
0.893758 0.893758 1.688235e+00 1.680981e-02
0.903006 0.903006 9.049947e-01 8.995761e-03
0.897895 0.897895 8.500910e-01 8.483981e-03
0.894343 0.894343 1.040369e+00 1.038415e-02
0.899250 0.899250 9.206219e-01 9.161133e-03
0.899081 0.899081 1.262460e+00 1.251583e-02
0.879208 0.879208 2.244881e+00 2.234736e-02
0.894519 0.894519 1.806031e+00 1.788819e-02
0.901191 0.901191 9.593287e-01 9.499563e-03
0.885591 0.885591 1.309541e+00 1.307834e-02
0.905520 0.905520 7.031217e-01 7.017527e-03
0.945138 0.945138 4.550054e-01 4.486143e-03
0.890181 0.890181 1.176919e+00 1.165897e-02
0.891065 0.891065 1.334863e+00 1.330904e-02
0.912259 0.912259 6.882809e-01 6.825220e-03
0.913264 0.913264 6.958139e-01 6.941868e-03
0.958044 0.958044 3.450761e-01 3.412616e-03
0.896926 0.896926 7.991685e-01 7.928481e-03
0.893871 0.893871 9.602423e-01 9.474121e-03
0.915127 0.915127 6.811425e-01 6.789042e-03
0.900230 0.900230 7.936249e-01 7.862336e-03
0.888385 0.888385 9.693425e-01 9.579719e-03
0.925086 0.925086 5.482449e-01 5.332137e-03
0.920653 0.920653 6.339154e-01 6.250211e-03
0.875482 0.875482 1.290630e+00 1.287811e-02
0.927457 0.927457 4.561997e-01 4.488982e-03
0.893932 0.893932 1.043533e+00 1.029679e-02
0.895590 0.895590 1.468399e+00 1.464394e-02
0.909792 0.909792 5.856498e-01 5.814793e-03
0.877309 0.877309 1.635777e+00 1.627465e-02
0.926459 0.926459 3.920581e-01 3.881089e-03
0.949203 0.949203 3.393045e-01 3.362343e-03
0.905917 0.905917 6.027136e-01 5.971231e-03
0.886372 0.886372 1.028370e+00 1.025095e-02
0.908494 0.908494 5.936409e-01 5.864451e-03
0.868836 0.868836 1.567040e+00 1.559596e-02
0.882664 0.882664 1.325947e+00 1.320810e-02
0.885728 0.885728 8.164697e-01 8.137595e-03
0.882655 0.882655 1.659128e+00 1.643136e-02
0.928946 0.928946 4.892466e-01 4.842790e-03
0.881630 0.881630 1.214802e+00 1.207570e-02
0.881650 0.881650 1.197011e+00 1.196237e-02
0.869224 0.869224 1.078592e+00 1.077592e-02
0.899979 0.899979 5.754050e-01 5.694876e-03
0.894834 0.894834 8.476294e-01 8.425800e-03
0.864588 0.864588 1.853599e+00 1.848596e-02
0.866800 0.866800 1.311511e+00 1.306751e-02
0.928000 0.928000 4.549217e-01 4.471895e-03
0.878974 0.878974 1.002310e+00 9.973910e-03
0.900038 0.900038 1.113214e+00 1.109867e-02
0.882458 0.882458 8.085930e-01 8.044002e-03
0.894330 0.894330 1.069167e+00 1.060844e-02
0.874924 0.874924 1.146061e+00 1.142326e-02
0.875432 0.875432 7.982054e-01 7.936270e-03
0.890321 0.890321 1.143309e+00 1.142187e-02
0.878156 0.878156 1.303144e+00 1.301418e-02
0.925900 0.925900 4.884553e-01 4.794403e-03
0.858888 0.858888 1.872188e+00 1.867655e-02
0.899714 0.899714 5.802138e-01 5.765532e-03
0.885204 0.885204 1.223484e+00 1.213996e-02
0.878165 0.878165 1.187682e+00 1.183914e-02
0.866371 0.866371 1.063182e+00 1.062924e-02
0.855937 0.855937 1.787704e+00 1.784756e-02
0.951060 0.951060 3.495825e-01 3.456192e-03
0.904562 0.904562 5.715176e-01 5.700729e-03
0.878384 0.878384 1.659603e+00 1.655753e-02
0.886818 0.886818 1.301372e+00 1.298743e-02
0.892538 0.892538 6.384924e-01 6.356465e-03
0.875899 0.875899 1.448573e+00 1.445273e-02
0.897885 0.897885 5.831992e-01 5.819557e-03
0.885408 0.885408 9.013342e-01 9.000574e-03
0.879652 0.879652 1.221089e+00 1.218603e-02
0.885379 0.885379 9.328091e-01 9.315657e-03
0.862198 0.862198 1.408506e+00 1.408253e-02
0.886821 0.886821 6.664937e-01 6.662779e-03
0.868401 0.868401 1.657658e+00 1.650134e-02
0.893335 0.893335 6.699076e-01 6.685019e-03
0.910513 0.910513 5.627958e-01 5.611561e-03
0.887276 0.887276 8.947449e-01 8.909508e-03
0.886813 0.886813 1.179318e+00 1.174291e-02
0.916091 0.916091 4.713356e-01 4.669362e-03
0.853836 0.853836 2.355249e+00 2.352710e-02
0.877094 0.877094 1.151364e+00 1.145839e-02
0.866468 0.866468 1.379567e+00 1.374266e-02
0.903122 0.903122 6.462835e-01 6.409274e-03
0.860085 0.860085 1.968572e+00 1.967910e-02
0.912882 0.912882 5.457246e-01 5.405951e-03
0.867078 0.867078 1.225836e+00 1.218223e-02
0.853028 0.853028 2.236125e+00 2.231905e-02
0.897462 0.897462 7.606038e-01 7.531793e-03
0.840925 0.840925 1.687335e+00 1.684339e-02
0.892756 0.892756 6.291434e-01 6.258000e-03
0.867784 0.867784 7.841534e-01 7.828275e-03
0.899812 0.899812 5.694024e-01 5.663529e-03
0.848352 0.848352 2.653854e+00 2.651388e-02
0.879736 0.879736 8.392352e-01 8.370934e-03
0.864320 0.864320 1.468773e+00 1.462552e-02
0.880036 0.880036 7.934787e-01 7.890965e-03
0.850834 0.850834 1.374124e+00 1.372389e-02
0.877398 0.877398 1.413137e+00 1.408526e-02
0.855825 0.855825 1.392192e+00 1.389003e-02
0.816044 0.816044 3.773970e+00 3.770195e-02
0.866863 0.866863 1.570309e+00 1.558426e-02
0.919437 0.919437 5.282333e-01 5.182090e-03
0.876439 0.876439 6.535542e-01 6.518055e-03
0.806480 0.806480 4.298677e+00 4.291751e-02
0.852421 0.852421 1.251049e+00 1.248862e-02
0.867783 0.867783 1.122481e+00 1.119939e-02
0.865997 0.865997 1.619934e+00 1.612413e-02
0.866646 0.866646 1.343407e+00 1.339870e-02
0.874046 0.874046 1.048347e+00 1.044031e-02
0.910095 0.910095 4.822487e-01 4.760503e-03
0.880887 0.880887 1.218138e+00 1.218089e-02
0.877369 0.877369 1.074474e+00 1.071408e-02
0.809110 0.809110 3.701321e+00 3.700026e-02
0.826691 0.826691 4.396792e+00 4.393260e-02
0.927971 0.927971 3.892575e-01 3.892075e-03
0.858463 0.858463 1.378573e+00 1.376454e-02
0.836759 0.836759 1.984755e+00 1.981330e-02
0.835387 0.835387 2.761252e+00 2.758395e-02
0.882798 0.882798 9.850504e-01 9.811184e-03
0.877735 0.877735 8.060338e-01 8.012573e-03
0.857515 0.857515 1.322453e+00 1.321161e-02
0.847016 0.847016 1.407834e+00 1.406600e-02
0.871675 0.871675 8.691429e-01 8.690486e-03
0.869974 0.869974 7.666430e-01 7.653017e-03
0.835233 0.835233 3.953686e+00 3.945456e-02
0.849880 0.849880 2.234172e+00 2.232081e-02
0.863037 0.863037 1.446980e+00 1.446245e-02
0.842351 0.842351 1.069443e+00 1.068159e-02
0.837973 0.837973 2.807253e+00 2.804188e-02
0.840335 0.840335 2.540417e+00 2.539344e-02
0.794030 0.794030 4.639861e+00 4.631735e-02
0.833242 0.833242 1.719489e+00 1.716466e-02
0.832067 0.832067 1.930745e+00 1.930238e-02
0.849716 0.849716 1.332865e+00 1.331788e-02
0.860740 0.860740 1.368518e+00 1.364342e-02
0.857465 0.857465 1.151762e+00 1.151760e-02
0.843470 0.843470 1.386015e+00 1.385695e-02
0.869716 0.869716 1.174086e+00 1.173342e-02
0.895251 0.895251 4.864470e-01 4.851271e-03
0.785929 0.785929 7.008921e+00 7.004766e-02
0.837130 0.837130 2.507921e+00 2.502824e-02
0.917710 0.917710 3.552293e-01 3.504908e-03
0.877923 0.877923 7.724822e-01 7.668237e-03
0.801801 0.801801 3.959975e+00 3.953521e-02
0.817970 0.817970 3.200518e+00 3.195443e-02
0.872616 0.872616 5.923640e-01 5.922542e-03
0.873165 0.873165 8.303452e-01 8.281943e-03
0.849523 0.849523 9.787542e-01 9.774976e-03
0.883435 0.883435 7.540578e-01 7.536800e-03
0.841801 0.841801 2.510669e+00 2.505156e-02
0.833165 0.833165 1.871945e+00 1.870388e-02
0.990000 0.990000 3.288531e-01 3.285831e-03
0.890563 0.890563 7.022057e-01 6.985943e-03
0.747896 0.747896 1.068520e+01 1.068362e-01
0.823134 0.823134 3.068591e+00 3.068494e-02
0.879562 0.879562 5.553893e-01 5.524767e-03
0.825647 0.825647 1.424713e+00 1.420983e-02
0.863633 0.863633 8.458365e-01 8.414769e-03
0.879569 0.879569 6.233779e-01 6.205479e-03
0.843812 0.843812 1.427132e+00 1.424237e-02
0.859412 0.859412 1.125391e+00 1.125262e-02
0.867599 0.867599 9.488421e-01 9.454774e-03
0.862872 0.862872 1.361833e+00 1.360630e-02
0.835055 0.835055 2.582975e+00 2.581653e-02
0.873010 0.873010 9.105107e-01 9.076752e-03
0.832513 0.832513 3.511607e+00 3.511375e-02
0.845652 0.845652 1.263670e+00 1.260819e-02
0.880070 0.880070 7.205628e-01 7.181165e-03
0.860107 0.860107 9.669072e-01 9.660856e-03
0.878171 0.878171 5.540281e-01 5.521932e-03
0.872126 0.872126 1.141108e+00 1.134685e-02
0.844215 0.844215 2.335201e+00 2.328791e-02
0.811817 0.811817 5.395574e+00 5.388857e-02
0.823104 0.823104 1.095398e+00 1.092437e-02
0.828819 0.828819 2.276641e+00 2.269981e-02
0.828219 0.828219 1.160280e+00 1.159955e-02
0.780960 0.780960 4.971640e+00 4.971456e-02
0.833931 0.833931 2.253170e+00 2.251155e-02
0.836421 0.836421 1.721528e+00 1.717775e-02
0.832222 0.832222 1.919577e+00 1.914812e-02
0.824683 0.824683 2.535575e+00 2.535154e-02
0.866279 0.866279 1.206496e+00 1.203098e-02
0.796564 0.796564 3.224724e+00 3.223061e-02
0.776809 0.776809 6.049599e+00 6.049026e-02
0.780453 0.780453 4.973580e+00 4.973283e-02
0.700847 0.700847 1.419520e+01 1.419076e-01
0.862845 0.862845 1.076854e+00 1.072723e-02
0.818594 0.818594 3.112087e+00 3.104508e-02
0.875285 0.875285 7.248590e-01 7.241026e-03
0.848172 0.848172 1.329056e+00 1.327802e-02
0.884382 0.884382 5.907045e-01 5.896929e-03
0.878758 0.878758 7.377470e-01 7.336567e-03
0.851345 0.851345 1.236060e+00 1.234994e-02
0.842289 0.842289 1.277419e+00 1.273874e-02
0.803156 0.803156 1.545494e+00 1.544711e-02
0.815895 0.815895 3.205213e+00 3.199605e-02
0.786893 0.786893 6.879679e+00 6.874304e-02
0.759989 0.759989 1.045465e+01 1.045376e-01
0.877490 0.877490 7.283690e-01 7.239326e-03
0.830493 0.830493 1.443128e+00 1.440951e-02
0.890336 0.890336 5.058500e-01 5.043536e-03
0.855012 0.855012 7.014120e-01 7.006356e-03
0.884986 0.884986 5.449610e-01 5.400825e-03
0.843301 0.843301 9.766357e-01 9.735406e-03
0.848094 0.848094 1.292455e+00 1.286308e-02
0.866035 0.866035 8.351529e-01 8.288446e-03
0.863194 0.863194 7.606651e-01 7.578860e-03
0.828590 0.828590 1.796082e+00 1.792321e-02
0.759792 0.759792 7.077453e+00 7.074826e-02
0.802474 0.802474 4.419364e+00 4.415952e-02
0.784562 0.784562 8.440297e+00 8.439895e-02
0.789751 0.789751 3.620388e+00 3.615540e-02
0.788252 0.788252 2.966356e+00 2.963184e-02
0.855658 0.855658 1.026748e+00 1.023625e-02
0.773900 0.773900 4.058512e+00 4.055113e-02
0.758021 0.758021 5.747459e+00 5.745769e-02
0.771648 0.771648 6.625541e+00 6.624147e-02
0.817372 0.817372 1.419478e+00 1.418251e-02
0.834051 0.834051 1.264634e+00 1.264237e-02
0.806603 0.806603 2.113265e+00 2.113098e-02
0.893419 0.893419 5.509690e-01 5.485661e-03
0.802014 0.802014 3.235950e+00 3.231553e-02
0.757186 0.757186 4.059066e+00 4.059046e-02
0.806864 0.806864 1.736904e+00 1.735668e-02
0.816334 0.816334 2.294327e+00 2.294179e-02
0.833045 0.833045 1.717020e+00 1.715969e-02
0.812947 0.812947 1.569644e+00 1.566949e-02
0.819194 0.819194 1.820659e+00 1.817792e-02
0.786057 0.786057 2.608115e+00 2.605494e-02
0.818260 0.818260 2.695590e+00 2.693054e-02
0.762743 0.762743 5.475377e+00 5.473326e-02
0.831156 0.831156 1.730610e+00 1.729476e-02
0.889023 0.889023 5.796805e-01 5.796284e-03
0.826724 0.826724 1.360582e+00 1.359196e-02
0.835743 0.835743 1.430282e+00 1.427103e-02
0.801145 0.801145 2.676618e+00 2.674937e-02
0.801692 0.801692 3.484421e+00 3.484012e-02
0.752597 0.752597 8.353643e+00 8.343849e-02
0.827096 0.827096 7.610725e-01 7.603137e-03
0.857094 0.857094 5.872268e-01 5.851989e-03
0.789875 0.789875 2.371175e+00 2.367907e-02
0.840786 0.840786 1.340036e+00 1.337732e-02
0.807157 0.807157 2.291562e+00 2.288484e-02
0.892069 0.892069 4.155073e-01 4.141424e-03
0.773619 0.773619 4.860648e+00 4.857155e-02
0.805539 0.805539 2.796531e+00 2.796318e-02
0.809990 0.809990 1.689251e+00 1.688326e-02
0.803928 0.803928 2.988808e+00 2.982481e-02
0.849830 0.849830 7.771605e-01 7.766835e-03
0.777837 0.777837 7.083619e+00 7.081594e-02
0.804451 0.804451 1.669520e+00 1.667615e-02
0.795469 0.795469 4.169133e+00 4.168750e-02
0.792364 0.792364 3.523548e+00 3.522057e-02
0.907479 0.907479 4.004242e-01 3.941264e-03
0.855130 0.855130 7.418666e-01 7.403241e-03
0.768657 0.768657 4.279364e+00 4.278748e-02
0.764039 0.764039 3.890674e+00 3.889329e-02
0.947796 0.947796 3.402948e-01 3.396333e-03
0.990000 0.990000 3.243022e-01 3.157411e-03
0.801888 0.801888 1.425706e+00 1.422821e-02
0.775620 0.775620 2.145114e+00 2.144434e-02
0.823613 0.823613 1.757080e+00 1.756653e-02
0.791875 0.791875 2.619676e+00 2.618733e-02
0.862128 0.862128 5.740156e-01 5.725825e-03
0.827293 0.827293 9.944057e-01 9.913168e-03
0.749462 0.749462 4.710545e+00 4.710382e-02
0.831384 0.831384 1.281173e+00 1.279114e-02
0.782374 0.782374 2.887175e+00 2.884826e-02
0.784970 0.784970 2.736344e+00 2.734937e-02
0.814063 0.814063 2.094641e+00 2.093952e-02
0.794864 0.794864 4.233037e+00 4.232359e-02
0.730656 0.730656 1.305980e+01 1.305496e-01
0.809126 0.809126 1.983433e+00 1.980830e-02
0.776764 0.776764 4.311388e+00 4.308299e-02
0.852647 0.852647 6.525796e-01 6.509309e-03
0.733341 0.733341 5.906548e+00 5.904255e-02
0.858458 0.858458 8.295172e-01 8.286067e-03
0.755237 0.755237 3.097136e+00 3.095269e-02
0.769713 0.769713 3.678496e+00 3.675734e-02
