0.798642 0.798642 1.376176e+00 1.374317e-02
0.765780 0.765780 8.053855e-01 8.051036e-03
0.848513 0.848513 1.161539e+00 1.161170e-02
0.766320 0.766320 1.626147e+00 1.626001e-02
0.755371 0.755371 1.802493e+00 1.800709e-02
0.699928 0.699928 9.754710e-01 9.751212e-03
0.746915 0.746915 1.789618e+00 1.788079e-02
0.780397 0.780397 1.259628e+00 1.257693e-02
0.901949 0.901949 3.778456e-01 3.748954e-03
0.705729 0.705729 2.852763e+00 2.852197e-02
0.804106 0.804106 9.413137e-01 9.402284e-03
0.816146 0.816146 7.529730e-01 7.518086e-03
0.746788 0.746788 1.460236e+00 1.458575e-02
0.752503 0.752503 5.196038e-01 5.180782e-03
0.764926 0.764926 2.621610e+00 2.620461e-02
0.872264 0.872264 6.006011e-01 5.968642e-03
0.824249 0.824249 7.554753e-01 7.541373e-03
0.861122 0.861122 6.684824e-01 6.674906e-03
0.792025 0.792025 4.018863e-01 3.998432e-03
0.785946 0.785946 7.887243e-01 7.878649e-03
0.880095 0.880095 3.717974e-01 3.698517e-03
0.804158 0.804158 1.184942e+00 1.184547e-02
0.816329 0.816329 1.207304e+00 1.204784e-02
0.821493 0.821493 1.033255e+00 1.032992e-02
0.821655 0.821655 4.815698e-01 4.810747e-03
0.744556 0.744556 1.778677e+00 1.777186e-02
0.710561 0.710561 2.326842e+00 2.326732e-02
0.818027 0.818027 1.001096e+00 1.000056e-02
0.744026 0.744026 2.466344e+00 2.463753e-02
0.673086 0.673086 1.882282e+00 1.881963e-02
0.785879 0.785879 1.036727e+00 1.036396e-02
0.730714 0.730714 2.185133e+00 2.183541e-02
0.844342 0.844342 8.586345e-01 8.562026e-03
0.820234 0.820234 9.223162e-01 9.198680e-03
0.771002 0.771002 7.010473e-01 6.999032e-03
0.833804 0.833804 9.113076e-01 9.086936e-03
0.694924 0.694924 6.865900e+00 6.863649e-02
0.780367 0.780367 1.173304e+00 1.172138e-02
0.752829 0.752829 7.906083e-01 7.901948e-03
0.786543 0.786543 1.577480e+00 1.575696e-02
0.832464 0.832464 6.543836e-01 6.529955e-03
0.730823 0.730823 4.047273e+00 4.044699e-02
0.680211 0.680211 3.735452e+00 3.733921e-02
0.903094 0.903094 3.738837e-01 3.734824e-03
0.811079 0.811079 9.401148e-01 9.376816e-03
0.846229 0.846229 8.158922e-01 8.155445e-03
0.761028 0.761028 7.606273e-01 7.602207e-03
0.988196 0.988196 3.286142e-01 3.255523e-03
0.699359 0.699359 7.538214e-01 7.537253e-03
0.814575 0.814575 1.347173e+00 1.344385e-02
0.817962 0.817962 6.335059e-01 6.323096e-03
0.811415 0.811415 5.345063e-01 5.334585e-03
0.809732 0.809732 1.408665e+00 1.405596e-02
0.736487 0.736487 3.466325e+00 3.465326e-02
0.581698 0.581698 6.495837e+00 6.495497e-02
0.810707 0.810707 8.455436e-01 8.437729e-03
0.662125 0.662125 1.563210e+00 1.563139e-02
0.786829 0.786829 2.591096e+00 2.589815e-02
0.914948 0.914948 3.590088e-01 3.580770e-03
0.740935 0.740935 2.459384e+00 2.457793e-02
0.898905 0.898905 5.530695e-01 5.483383e-03
0.723283 0.723283 4.497749e+00 4.496581e-02
0.957944 0.957944 3.437093e-01 3.361896e-03
0.710060 0.710060 1.935352e+00 1.934624e-02
0.737956 0.737956 1.832218e+00 1.832102e-02
0.803046 0.803046 1.157706e+00 1.157306e-02
0.676444 0.676444 1.177555e+00 1.177172e-02
0.785887 0.785887 2.038600e+00 2.036648e-02
0.691654 0.691654 2.417901e+00 2.416549e-02
0.752012 0.752012 1.094420e+00 1.093714e-02
0.835774 0.835774 7.705378e-01 7.678245e-03
0.770679 0.770679 1.020803e+00 1.020567e-02
0.766309 0.766309 1.497637e+00 1.497161e-02
0.667870 0.667870 1.733241e+00 1.732574e-02
0.814970 0.814970 1.033607e+00 1.032344e-02
0.716377 0.716377 1.792982e+00 1.792696e-02
0.752953 0.752953 2.659330e+00 2.657083e-02
0.755792 0.755792 1.137511e+00 1.137247e-02
0.773206 0.773206 2.085000e+00 2.081517e-02
0.828896 0.828896 4.955345e-01 4.948567e-03
0.686013 0.686013 1.467984e+00 1.467618e-02
0.828008 0.828008 1.406686e+00 1.403841e-02
0.828878 0.828878 8.891524e-01 8.887930e-03
0.744192 0.744192 1.302519e+00 1.302330e-02
0.806255 0.806255 1.238905e+00 1.235260e-02
0.831089 0.831089 9.531267e-01 9.504271e-03
0.815355 0.815355 1.109731e+00 1.107914e-02
0.630802 0.630802 4.790216e+00 4.789965e-02
0.736705 0.736705 2.010264e+00 2.007809e-02
0.821111 0.821111 9.384584e-01 9.354224e-03
0.803164 0.803164 5.400455e-01 5.382993e-03
0.763293 0.763293 1.737478e+00 1.737373e-02
0.651858 0.651858 3.836502e+00 3.836453e-02
0.878400 0.878400 3.671814e-01 3.627666e-03
0.748669 0.748669 1.463505e+00 1.463423e-02
0.750672 0.750672 1.784969e+00 1.784501e-02
0.923909 0.923909 3.682547e-01 3.613578e-03
0.791243 0.791243 8.418837e-01 8.415342e-03
0.786437 0.786437 7.738557e-01 7.730818e-03
0.750107 0.750107 3.254656e+00 3.253789e-02
0.873421 0.873421 3.745080e-01 3.726573e-03
0.755262 0.755262 1.680006e+00 1.678747e-02
0.747463 0.747463 2.072045e+00 2.071725e-02
0.717533 0.717533 3.354230e+00 3.353338e-02
0.785672 0.785672 2.676516e+00 2.669340e-02
0.832359 0.832359 8.667988e-01 8.641743e-03
0.749883 0.749883 1.824850e+00 1.824089e-02
0.819635 0.819635 5.664629e-01 5.664272e-03
0.797067 0.797067 1.157173e+00 1.156809e-02
0.675803 0.675803 4.696432e+00 4.694844e-02
0.747825 0.747825 1.389256e+00 1.387574e-02
0.791311 0.791311 1.332900e+00 1.332461e-02
0.826025 0.826025 9.813946e-01 9.805714e-03
0.783996 0.783996 1.061463e+00 1.060963e-02
0.696783 0.696783 2.454467e+00 2.453410e-02
0.818209 0.818209 7.346080e-01 7.338773e-03
0.841070 0.841070 5.825875e-01 5.815403e-03
0.853195 0.853195 6.050245e-01 6.037006e-03
0.778449 0.778449 7.116445e-01 7.096010e-03
0.803103 0.803103 1.131090e+00 1.130489e-02
0.622711 0.622711 5.872005e+00 5.871597e-02
0.754545 0.754545 2.104920e+00 2.103913e-02
0.842360 0.842360 6.601109e-01 6.594371e-03
0.763723 0.763723 1.158136e+00 1.157637e-02
0.680684 0.680684 2.475109e+00 2.474274e-02
0.838604 0.838604 8.038873e-01 8.028841e-03
0.891775 0.891775 4.374633e-01 4.360771e-03
0.840750 0.840750 1.046177e+00 1.044835e-02
0.848660 0.848660 5.140579e-01 5.116626e-03
0.834644 0.834644 6.238822e-01 6.225111e-03
0.725483 0.725483 1.373689e+00 1.373663e-02
0.820201 0.820201 5.828555e-01 5.824015e-03
0.837710 0.837710 5.605815e-01 5.598512e-03
0.828419 0.828419 9.505746e-01 9.460952e-03
0.748259 0.748259 2.538739e+00 2.538603e-02
0.682103 0.682103 2.084899e+00 2.084731e-02
0.700005 0.700005 1.846252e+00 1.845993e-02
0.767694 0.767694 1.206840e+00 1.206785e-02
0.805586 0.805586 7.505776e-01 7.496683e-03
0.693521 0.693521 1.570157e+00 1.569924e-02
0.740117 0.740117 2.100171e+00 2.099559e-02
0.889745 0.889745 4.786603e-01 4.784179e-03
0.739640 0.739640 7.326107e-01 7.325669e-03
0.783150 0.783150 1.136565e+00 1.135820e-02
0.753686 0.753686 2.749721e+00 2.748801e-02
0.794068 0.794068 7.358194e-01 7.345830e-03
0.781551 0.781551 1.460183e+00 1.457892e-02
0.777914 0.777914 1.074706e+00 1.072664e-02
0.778252 0.778252 1.390468e+00 1.389981e-02
0.793174 0.793174 2.176121e+00 2.171758e-02
0.757857 0.757857 1.697368e+00 1.696176e-02
0.705723 0.705723 3.604657e+00 3.603996e-02
0.889848 0.889848 4.983329e-01 4.956371e-03
0.817799 0.817799 1.039125e+00 1.036924e-02
0.767224 0.767224 1.183489e+00 1.182498e-02
0.806945 0.806945 5.938820e-01 5.935249e-03
0.761792 0.761792 5.905029e-01 5.904382e-03
0.804482 0.804482 7.089307e-01 7.085823e-03
0.843587 0.843587 7.557779e-01 7.546920e-03
0.830423 0.830423 8.035136e-01 7.998694e-03
0.744924 0.744924 8.392009e-01 8.390353e-03
0.893657 0.893657 4.215160e-01 4.173448e-03
0.825290 0.825290 7.665485e-01 7.662058e-03
0.772001 0.772001 1.276078e+00 1.275733e-02
0.764537 0.764537 1.047319e+00 1.046333e-02
0.777488 0.777488 1.161711e+00 1.161460e-02
0.833356 0.833356 8.073712e-01 8.047359e-03
0.818260 0.818260 4.622853e-01 4.601707e-03
0.716539 0.716539 2.218848e+00 2.217923e-02
0.756180 0.756180 1.011485e+00 1.011344e-02
0.738294 0.738294 1.163071e+00 1.162158e-02
0.758571 0.758571 1.877031e+00 1.876506e-02
0.830343 0.830343 6.921746e-01 6.898748e-03
0.792368 0.792368 7.948940e-01 7.938708e-03
0.779658 0.779658 9.657495e-01 9.656428e-03
0.694420 0.694420 2.616863e+00 2.615790e-02
0.816046 0.816046 6.360807e-01 6.360002e-03
0.735080 0.735080 2.097924e+00 2.096540e-02
0.703936 0.703936 1.378999e+00 1.378531e-02
0.815608 0.815608 1.043089e+00 1.042209e-02
0.772957 0.772957 6.187165e-01 6.178819e-03
0.867170 0.867170 5.435766e-01 5.417064e-03
0.724943 0.724943 1.640055e+00 1.639921e-02
0.732548 0.732548 9.351697e-01 9.344019e-03
0.664801 0.664801 1.609456e+00 1.608483e-02
0.919302 0.919302 3.507003e-01 3.483758e-03
0.745690 0.745690 1.431654e+00 1.431410e-02
0.640854 0.640854 1.534419e+00 1.533892e-02
0.792100 0.792100 8.190422e-01 8.190265e-03
0.797011 0.797011 1.992627e+00 1.992304e-02
0.840987 0.840987 6.044454e-01 6.023884e-03
0.797052 0.797052 1.641991e+00 1.639516e-02
0.839832 0.839832 8.277132e-01 8.275688e-03
0.847577 0.847577 8.302325e-01 8.296720e-03
0.769011 0.769011 2.082435e+00 2.082147e-02
0.793783 0.793783 1.041489e+00 1.040550e-02
0.833798 0.833798 1.167104e+00 1.164190e-02
0.822859 0.822859 8.894241e-01 8.886963e-03
0.797541 0.797541 8.476140e-01 8.453433e-03
0.765993 0.765993 1.930951e+00 1.929213e-02
0.704308 0.704308 1.484628e+00 1.484176e-02
0.793924 0.793924 1.269030e+00 1.266546e-02
0.849495 0.849495 7.462461e-01 7.447234e-03
0.729165 0.729165 1.848562e+00 1.847583e-02
0.758592 0.758592 1.741688e+00 1.741487e-02
0.836193 0.836193 7.523554e-01 7.513024e-03
0.783892 0.783892 1.231846e+00 1.231189e-02
0.890484 0.890484 4.878385e-01 4.859472e-03
0.784127 0.784127 1.141048e+00 1.139952e-02
0.803037 0.803037 7.143859e-01 7.137937e-03
0.730143 0.730143 2.956254e+00 2.955974e-02
0.784854 0.784854 7.591304e-01 7.586427e-03
0.882517 0.882517 4.964857e-01 4.930785e-03
0.785230 0.785230 1.080621e+00 1.079179e-02
0.830647 0.830647 5.895398e-01 5.894974e-03
0.758085 0.758085 1.914049e+00 1.911905e-02
0.751133 0.751133 1.328498e+00 1.327368e-02
0.817936 0.817936 5.328614e-01 5.323341e-03
0.719444 0.719444 1.440385e+00 1.439617e-02
0.780777 0.780777 8.251232e-01 8.230650e-03
0.746480 0.746480 1.451585e+00 1.450713e-02
0.873099 0.873099 7.590810e-01 7.543975e-03
0.708867 0.708867 1.193791e+00 1.193659e-02
0.754130 0.754130 1.208786e+00 1.208421e-02
0.695144 0.695144 2.619021e+00 2.617666e-02
0.759745 0.759745 8.245009e-01 8.243879e-03
0.968203 0.968203 3.438612e-01 3.404523e-03
0.727091 0.727091 1.701817e+00 1.700689e-02
0.634920 0.634920 2.440985e+00 2.440624e-02
0.736867 0.736867 9.103271e-01 9.101752e-03
0.810821 0.810821 1.054899e+00 1.053229e-02
0.905356 0.905356 4.246167e-01 4.212435e-03
0.798397 0.798397 2.100731e+00 2.099523e-02
0.803334 0.803334 7.336233e-01 7.332749e-03
0.786948 0.786948 1.122731e+00 1.122454e-02
0.767852 0.767852 1.188439e+00 1.188236e-02
0.755196 0.755196 8.651498e-01 8.641860e-03
0.833948 0.833948 1.097301e+00 1.095495e-02
0.810509 0.810509 1.334909e+00 1.333980e-02
0.827814 0.827814 8.148054e-01 8.147459e-03
0.789662 0.789662 1.253179e+00 1.252726e-02
0.765437 0.765437 3.522083e+00 3.519153e-02
0.788403 0.788403 1.311429e+00 1.310897e-02
0.764041 0.764041 1.616460e+00 1.614623e-02
0.736679 0.736679 1.147190e+00 1.146929e-02
0.763705 0.763705 9.714743e-01 9.697066e-03
0.751809 0.751809 1.133183e+00 1.132641e-02
0.781651 0.781651 7.701218e-01 7.694956e-03
0.814639 0.814639 7.505874e-01 7.502994e-03
0.571440 0.571440 8.366107e+00 8.365770e-02
0.751391 0.751391 1.224414e+00 1.222817e-02
0.675159 0.675159 4.939722e+00 4.939153e-02
0.760857 0.760857 1.097844e+00 1.097156e-02
0.753786 0.753786 1.111670e+00 1.111444e-02
0.752784 0.752784 7.928437e-01 7.927584e-03
0.767894 0.767894 1.011545e+00 1.010894e-02
0.799654 0.799654 1.519803e+00 1.518543e-02
0.707098 0.707098 6.607053e+00 6.605243e-02
0.783918 0.783918 6.668936e-01 6.656335e-03
0.858733 0.858733 7.108120e-01 7.094729e-03
0.808767 0.808767 1.225721e+00 1.225690e-02
0.855166 0.855166 6.287524e-01 6.285273e-03
0.810067 0.810067 1.209394e+00 1.208516e-02
0.800597 0.800597 8.315980e-01 8.304271e-03
0.736097 0.736097 7.847329e-01 7.844035e-03
0.943468 0.943468 3.546423e-01 3.520656e-03
0.772449 0.772449 8.825980e-01 8.816357e-03
0.881053 0.881053 5.855358e-01 5.815106e-03
0.715429 0.715429 1.678205e+00 1.677731e-02
0.769097 0.769097 7.552640e-01 7.542042e-03
0.787403 0.787403 1.068311e+00 1.067767e-02
0.717159 0.717159 4.892429e+00 4.891317e-02
0.747931 0.747931 1.426368e+00 1.425905e-02
0.789092 0.789092 2.357608e+00 2.353989e-02
0.781623 0.781623 1.454887e+00 1.454370e-02
0.802859 0.802859 7.152695e-01 7.139501e-03
0.777450 0.777450 1.255597e+00 1.254510e-02
0.720510 0.720510 2.743167e+00 2.742172e-02
0.735619 0.735619 2.195328e+00 2.195202e-02
0.836040 0.836040 7.696238e-01 7.690058e-03
0.768303 0.768303 7.597060e-01 7.596535e-03
0.820514 0.820514 7.957531e-01 7.941166e-03
0.772090 0.772090 2.235568e+00 2.233128e-02
0.858984 0.858984 8.170938e-01 8.158656e-03
0.787061 0.787061 7.565330e-01 7.562223e-03
0.835885 0.835885 4.490426e-01 4.468042e-03
0.801938 0.801938 8.629706e-01 8.628292e-03
0.800297 0.800297 1.191193e+00 1.188957e-02
0.839058 0.839058 8.606413e-01 8.601157e-03
0.773910 0.773910 1.585948e+00 1.583729e-02
0.717347 0.717347 2.156918e+00 2.155489e-02
0.698505 0.698505 2.627107e+00 2.626904e-02
0.787634 0.787634 2.289623e+00 2.285639e-02
0.782373 0.782373 1.829372e+00 1.827014e-02
0.800029 0.800029 9.122400e-01 9.102442e-03
0.813042 0.813042 4.924535e-01 4.920511e-03
0.782800 0.782800 9.214068e-01 9.205979e-03
0.864918 0.864918 5.036928e-01 5.005365e-03
0.687182 0.687182 4.191087e+00 4.190852e-02
0.785945 0.785945 9.224659e-01 9.215775e-03
0.699836 0.699836 1.147412e+00 1.147109e-02
0.847972 0.847972 1.046794e+00 1.044650e-02
0.816086 0.816086 7.797470e-01 7.778078e-03
0.796591 0.796591 8.585452e-01 8.568353e-03
0.737476 0.737476 7.096449e-01 7.095836e-03
0.818986 0.818986 7.710105e-01 7.692003e-03
0.691026 0.691026 2.099123e+00 2.098662e-02
0.807172 0.807172 6.410206e-01 6.405760e-03
0.777816 0.777816 2.093854e+00 2.092950e-02
0.825225 0.825225 6.250874e-01 6.231523e-03
0.762983 0.762983 1.132981e+00 1.131400e-02
0.838882 0.838882 7.928274e-01 7.926704e-03
0.818355 0.818355 9.599311e-01 9.590137e-03
0.744710 0.744710 2.889919e+00 2.887565e-02
0.867299 0.867299 4.921863e-01 4.887579e-03
0.686841 0.686841 5.567909e+00 5.567443e-02
0.784300 0.784300 5.693181e-01 5.688306e-03
0.836538 0.836538 7.061725e-01 7.049714e-03
0.815186 0.815186 7.652285e-01 7.632480e-03
0.988196 0.988196 3.166649e-01 3.144559e-03
0.708342 0.708342 3.766345e+00 3.764359e-02
0.693378 0.693378 2.330153e+00 2.329798e-02
0.718619 0.718619 1.205916e+00 1.205786e-02
0.766674 0.766674 1.617233e+00 1.615661e-02
0.779653 0.779653 8.646183e-01 8.646069e-03
0.843382 0.843382 7.539065e-01 7.521962e-03
0.770680 0.770680 2.036738e+00 2.034018e-02
0.845775 0.845775 5.036234e-01 5.016726e-03
0.732793 0.732793 6.791911e-01 6.782530e-03
0.770569 0.770569 1.506994e+00 1.505890e-02
0.815220 0.815220 9.018701e-01 9.002518e-03
0.694649 0.694649 2.141644e+00 2.141443e-02
0.778722 0.778722 1.023325e+00 1.021454e-02
0.816035 0.816035 1.360706e+00 1.360256e-02
0.797141 0.797141 1.008238e+00 1.007199e-02
0.840147 0.840147 5.113859e-01 5.109055e-03
0.844702 0.844702 1.302886e+00 1.300628e-02
0.828977 0.828977 6.172415e-01 6.161367e-03
0.778828 0.778828 6.204086e-01 6.203174e-03
0.763091 0.763091 1.125991e+00 1.125985e-02
0.784828 0.784828 5.338515e-01 5.326607e-03
0.709319 0.709319 1.970181e+00 1.970009e-02
0.689667 0.689667 1.222349e+00 1.222320e-02
0.696893 0.696893 1.705296e+00 1.704853e-02
0.874164 0.874164 5.020322e-01 5.010188e-03
0.800503 0.800503 1.091808e+00 1.091076e-02
0.799732 0.799732 1.193850e+00 1.191465e-02
0.781070 0.781070 1.550874e+00 1.548392e-02
0.695804 0.695804 6.734980e+00 6.732390e-02
0.863487 0.863487 6.407965e-01 6.390061e-03
0.767278 0.767278 1.021337e+00 1.019889e-02
0.823674 0.823674 8.370285e-01 8.364731e-03
0.720489 0.720489 3.147210e+00 3.146198e-02
0.748969 0.748969 2.997182e+00 2.993565e-02
0.796396 0.796396 6.994563e-01 6.990157e-03
0.778836 0.778836 1.134317e+00 1.133614e-02
0.724523 0.724523 6.316949e-01 6.316524e-03
0.835628 0.835628 9.451710e-01 9.419517e-03
0.854117 0.854117 6.553172e-01 6.533392e-03
0.753628 0.753628 1.928969e+00 1.928829e-02
0.822373 0.822373 8.222429e-01 8.221345e-03
0.799111 0.799111 1.770426e+00 1.768143e-02
0.905103 0.905103 4.904630e-01 4.883472e-03
0.931675 0.931675 3.563411e-01 3.527833e-03
0.744192 0.744192 3.096567e+00 3.096273e-02
0.773034 0.773034 2.488123e+00 2.484732e-02
0.779738 0.779738 1.150094e+00 1.149931e-02
0.710086 0.710086 2.684096e+00 2.683689e-02
0.803640 0.803640 1.915172e+00 1.913393e-02
0.766409 0.766409 1.175397e+00 1.175207e-02
0.837844 0.837844 4.784649e-01 4.768300e-03
0.859885 0.859885 6.060899e-01 6.047877e-03
0.802610 0.802610 7.995985e-01 7.991826e-03
0.801022 0.801022 9.883246e-01 9.881616e-03
0.818992 0.818992 9.398120e-01 9.392968e-03
0.671397 0.671397 3.181137e+00 3.179917e-02
0.731694 0.731694 1.620277e+00 1.618556e-02
0.854459 0.854459 1.095557e+00 1.088294e-02
0.798831 0.798831 1.134044e+00 1.132570e-02
0.639360 0.639360 5.174969e+00 5.174859e-02
0.782040 0.782040 1.286592e+00 1.286529e-02
0.804286 0.804286 1.248235e+00 1.247148e-02
0.839746 0.839746 5.986410e-01 5.973531e-03
0.747696 0.747696 2.587803e+00 2.587552e-02
0.843279 0.843279 5.931425e-01 5.927283e-03
0.744362 0.744362 1.146751e+00 1.146510e-02
0.917001 0.917001 3.859160e-01 3.829622e-03
0.801170 0.801170 9.994834e-01 9.973926e-03
0.730148 0.730148 1.077206e+00 1.076676e-02
0.782536 0.782536 7.593338e-01 7.586137e-03
0.688289 0.688289 3.666928e+00 3.666162e-02
0.732909 0.732909 8.391528e-01 8.381585e-03
0.811911 0.811911 7.010413e-01 6.997397e-03
0.743893 0.743893 1.706371e+00 1.706165e-02
0.920857 0.920857 4.848460e-01 4.811423e-03
0.777729 0.777729 1.651763e+00 1.649943e-02
0.812025 0.812025 6.823929e-01 6.816958e-03
0.771494 0.771494 1.358528e+00 1.357130e-02
0.721575 0.721575 1.248841e+00 1.248164e-02
0.812282 0.812282 9.367790e-01 9.362153e-03
0.744673 0.744673 1.172151e+00 1.171796e-02
0.730272 0.730272 1.311393e+00 1.311352e-02
0.794625 0.794625 1.609726e+00 1.609180e-02
0.828200 0.828200 5.928941e-01 5.912317e-03
0.771455 0.771455 9.934727e-01 9.931946e-03
0.766473 0.766473 1.952953e+00 1.952787e-02
0.832339 0.832339 7.443487e-01 7.437219e-03
0.726613 0.726613 2.237167e+00 2.234762e-02
0.763610 0.763610 1.171791e+00 1.171264e-02
0.826176 0.826176 1.012277e+00 1.010693e-02
0.737788 0.737788 1.833618e+00 1.830825e-02
0.749988 0.749988 2.319858e+00 2.318539e-02
0.839991 0.839991 8.510979e-01 8.492805e-03
0.748561 0.748561 5.165629e-01 5.163890e-03
0.834692 0.834692 4.468227e-01 4.458402e-03
0.770682 0.770682 1.385313e+00 1.384445e-02
0.786470 0.786470 7.611975e-01 7.600961e-03
0.736064 0.736064 7.541585e-01 7.539195e-03
0.826786 0.826786 1.077077e+00 1.076174e-02
0.660191 0.660191 2.550493e+00 2.550424e-02
0.756092 0.756092 1.021166e+00 1.021112e-02
0.708859 0.708859 2.447219e+00 2.445572e-02
0.751838 0.751838 1.744394e+00 1.742734e-02
0.795423 0.795423 8.689239e-01 8.676087e-03
0.846455 0.846455 6.273810e-01 6.262388e-03
0.975301 0.975301 3.366541e-01 3.351239e-03
0.893517 0.893517 5.876552e-01 5.796447e-03
0.795235 0.795235 1.318933e+00 1.317990e-02
0.756897 0.756897 2.304141e+00 2.301794e-02
0.683006 0.683006 5.238052e+00 5.237721e-02
0.813888 0.813888 6.259950e-01 6.248970e-03
0.808183 0.808183 5.947342e-01 5.934477e-03
0.846373 0.846373 5.145907e-01 5.132609e-03
0.764116 0.764116 7.553652e-01 7.539351e-03
0.758382 0.758382 2.790418e+00 2.790254e-02
0.721399 0.721399 1.865786e+00 1.865112e-02
0.804385 0.804385 9.681345e-01 9.680709e-03
0.772910 0.772910 1.764957e+00 1.762275e-02
0.792176 0.792176 2.196017e+00 2.194259e-02
0.782077 0.782077 6.354010e-01 6.342609e-03
0.755381 0.755381 1.997732e+00 1.996278e-02
0.767219 0.767219 1.168573e+00 1.167583e-02
0.764541 0.764541 1.619939e+00 1.619913e-02
0.857898 0.857898 5.467326e-01 5.445531e-03
0.649369 0.649369 5.624707e-01 5.622859e-03
0.788283 0.788283 2.098375e+00 2.095952e-02
0.835619 0.835619 6.745353e-01 6.736183e-03
0.764178 0.764178 8.809937e-01 8.800271e-03
0.733474 0.733474 2.070720e+00 2.069599e-02
0.695338 0.695338 2.258694e+00 2.257612e-02
0.735517 0.735517 2.557386e+00 2.556326e-02
0.782300 0.782300 1.061488e+00 1.059632e-02
0.826548 0.826548 6.644269e-01 6.626605e-03
0.786652 0.786652 1.150887e+00 1.149804e-02
0.692946 0.692946 4.290830e+00 4.288985e-02
0.825159 0.825159 8.773677e-01 8.745598e-03
0.792863 0.792863 8.773497e-01 8.759394e-03
0.733741 0.733741 1.435255e+00 1.433986e-02
0.812738 0.812738 6.038513e-01 6.021018e-03
0.775056 0.775056 8.777161e-01 8.770580e-03
0.702046 0.702046 1.340117e+00 1.339905e-02
0.771579 0.771579 1.156180e+00 1.156028e-02
0.884881 0.884881 5.239621e-01 5.211032e-03
0.724424 0.724424 1.199061e+00 1.198845e-02
0.773530 0.773530 1.627116e+00 1.624297e-02
0.811234 0.811234 1.821059e+00 1.820736e-02
0.717931 0.717931 8.138176e-01 8.132827e-03
0.800434 0.800434 1.418430e+00 1.416229e-02
0.844404 0.844404 8.045217e-01 8.041518e-03
0.789754 0.789754 1.267322e+00 1.265846e-02
0.801719 0.801719 1.172044e+00 1.169968e-02
0.732846 0.732846 3.373352e+00 3.372755e-02
0.754503 0.754503 3.169817e+00 3.168475e-02
0.879356 0.879356 4.372438e-01 4.334320e-03
0.785218 0.785218 7.875337e-01 7.866397e-03
0.674260 0.674260 2.050796e+00 2.050192e-02
0.713209 0.713209 1.028760e+00 1.028273e-02
0.834529 0.834529 4.179739e-01 4.169351e-03
0.794464 0.794464 1.682816e+00 1.681031e-02
0.809730 0.809730 4.645853e-01 4.635631e-03
0.786883 0.786883 1.398227e+00 1.397778e-02
0.891198 0.891198 4.130731e-01 4.068818e-03
0.777017 0.777017 1.367898e+00 1.366906e-02
0.742940 0.742940 1.200876e+00 1.199455e-02
0.802164 0.802164 1.029829e+00 1.028742e-02
0.740581 0.740581 1.626706e+00 1.626686e-02
0.737282 0.737282 1.112288e+00 1.111844e-02
0.839649 0.839649 6.341365e-01 6.336051e-03
0.746112 0.746112 1.548131e+00 1.547541e-02
0.802170 0.802170 1.180776e+00 1.178218e-02
0.752950 0.752950 1.477527e+00 1.477032e-02
0.687706 0.687706 2.301879e+00 2.300596e-02
0.798025 0.798025 2.091628e+00 2.089671e-02
0.772463 0.772463 1.501001e+00 1.498374e-02
0.767169 0.767169 1.214608e+00 1.213483e-02
0.774598 0.774598 6.669397e-01 6.665912e-03
0.810531 0.810531 8.628670e-01 8.610571e-03
0.822234 0.822234 5.352508e-01 5.338793e-03
0.697699 0.697699 1.313678e+00 1.313662e-02
0.771914 0.771914 2.621309e+00 2.618933e-02
