0.997868 0.997868 2.083541e-01 2.079113e-03
0.997770 0.997770 2.086261e-01 2.080638e-03
0.997657 0.997657 2.090865e-01 2.083740e-03
0.997590 0.997590 2.091199e-01 2.083516e-03
0.997559 0.997559 2.086807e-01 2.078037e-03
0.997108 0.997108 2.143229e-01 2.118546e-03
0.997385 0.997385 2.095412e-01 2.087742e-03
0.997022 0.997022 2.132753e-01 2.111483e-03
0.997242 0.997242 2.101226e-01 2.093650e-03
0.996772 0.996772 2.164902e-01 2.135858e-03
0.996371 0.996371 2.219255e-01 2.166595e-03
0.996361 0.996361 2.213197e-01 2.164347e-03
0.996422 0.996422 2.180872e-01 2.138982e-03
0.996221 0.996221 2.201323e-01 2.141953e-03
0.996314 0.996314 2.181578e-01 2.158939e-03
0.996229 0.996229 2.191536e-01 2.152337e-03
0.996055 0.996055 2.188825e-01 2.140508e-03
0.995528 0.995528 2.268035e-01 2.221383e-03
0.995705 0.995705 2.251507e-01 2.218996e-03
0.994994 0.994994 2.360363e-01 2.336499e-03
0.995311 0.995311 2.332914e-01 2.273568e-03
0.994690 0.994690 2.361784e-01 2.345848e-03
0.994741 0.994741 2.367029e-01 2.327101e-03
0.994601 0.994601 2.374195e-01 2.340873e-03
0.995290 0.995290 2.227978e-01 2.187836e-03
0.995479 0.995479 2.215592e-01 2.183784e-03
0.994307 0.994307 2.379296e-01 2.354452e-03
0.993716 0.993716 2.457592e-01 2.394655e-03
0.995094 0.995094 2.224119e-01 2.188038e-03
0.995306 0.995306 2.148916e-01 2.122136e-03
0.995049 0.995049 2.209831e-01 2.171903e-03
0.993795 0.993795 2.373883e-01 2.329081e-03
0.993668 0.993668 2.463264e-01 2.420603e-03
0.994147 0.994147 2.353376e-01 2.318278e-03
0.993054 0.993054 2.474609e-01 2.440431e-03
0.992846 0.992846 2.449067e-01 2.380486e-03
0.992434 0.992434 2.653755e-01 2.591622e-03
0.993555 0.993555 2.422173e-01 2.378563e-03
0.992569 0.992569 2.665088e-01 2.575361e-03
0.993398 0.993398 2.359275e-01 2.297843e-03
0.992927 0.992927 2.459840e-01 2.437193e-03
0.992229 0.992229 2.491745e-01 2.486712e-03
0.993917 0.993917 2.230061e-01 2.195667e-03
0.992823 0.992823 2.425303e-01 2.390749e-03
0.991382 0.991382 2.611802e-01 2.556613e-03
0.992986 0.992986 2.330917e-01 2.322304e-03
0.993439 0.993439 2.307067e-01 2.302685e-03
0.992337 0.992337 2.436498e-01 2.420885e-03
0.991755 0.991755 2.474761e-01 2.452102e-03
0.990807 0.990807 2.687938e-01 2.640123e-03
0.991786 0.991786 2.552208e-01 2.538766e-03
0.991379 0.991379 2.568596e-01 2.546900e-03
0.991881 0.991881 2.425983e-01 2.351999e-03
0.991099 0.991099 2.627476e-01 2.619894e-03
0.990368 0.990368 2.873678e-01 2.787930e-03
0.990412 0.990412 2.797652e-01 2.743420e-03
0.989760 0.989760 2.827453e-01 2.765846e-03
0.991232 0.991232 2.477562e-01 2.423325e-03
0.990345 0.990345 2.812946e-01 2.744015e-03
0.991107 0.991107 2.517571e-01 2.441695e-03
0.989331 0.989331 2.660238e-01 2.631293e-03
0.990139 0.990139 2.696886e-01 2.681253e-03
0.988695 0.988695 3.056968e-01 2.946584e-03
0.990278 0.990278 2.535963e-01 2.498580e-03
0.988949 0.988949 2.761190e-01 2.739752e-03
0.992470 0.992470 2.333884e-01 2.268290e-03
0.988858 0.988858 3.011291e-01 2.958568e-03
0.990591 0.990591 2.597536e-01 2.597077e-03
0.987201 0.987201 3.256752e-01 3.224525e-03
0.989075 0.989075 2.815677e-01 2.793778e-03
0.991021 0.991021 2.464981e-01 2.439205e-03
0.987807 0.987807 2.950450e-01 2.920424e-03
0.988104 0.988104 3.029120e-01 3.027238e-03
0.986676 0.986676 3.476754e-01 3.400460e-03
0.988750 0.988750 2.763044e-01 2.711061e-03
0.987763 0.987763 2.986329e-01 2.955803e-03
0.987391 0.987391 3.125934e-01 3.022558e-03
0.988052 0.988052 2.848911e-01 2.807719e-03
0.988070 0.988070 2.611359e-01 2.601900e-03
0.989212 0.989212 2.510143e-01 2.483238e-03
0.986298 0.986298 3.558603e-01 3.536480e-03
0.987565 0.987565 2.803603e-01 2.773606e-03
0.987384 0.987384 2.905326e-01 2.884609e-03
0.986838 0.986838 2.916925e-01 2.915835e-03
0.987488 0.987488 3.035801e-01 3.015157e-03
0.986405 0.986405 3.185489e-01 3.171545e-03
0.986449 0.986449 2.994583e-01 2.940167e-03
0.991994 0.991994 2.244269e-01 2.215565e-03
0.984800 0.984800 3.622460e-01 3.565409e-03
0.984315 0.984315 3.498426e-01 3.361614e-03
0.985673 0.985673 2.843218e-01 2.811501e-03
0.984961 0.984961 3.390721e-01 3.384538e-03
0.990520 0.990520 2.340875e-01 2.313163e-03
0.985953 0.985953 3.128099e-01 3.042065e-03
0.986979 0.986979 2.881647e-01 2.874741e-03
0.983590 0.983590 4.091343e-01 3.965252e-03
0.985992 0.985992 2.997340e-01 2.942163e-03
0.985769 0.985769 3.028771e-01 2.982777e-03
0.988670 0.988670 2.465514e-01 2.383126e-03
0.986958 0.986958 2.741541e-01 2.719740e-03
0.984185 0.984185 3.283271e-01 3.233256e-03
0.988307 0.988307 2.428284e-01 2.405236e-03
0.983202 0.983202 3.709803e-01 3.681683e-03
0.985326 0.985326 3.317159e-01 3.223820e-03
0.984520 0.984520 3.075142e-01 3.002621e-03
0.986416 0.986416 2.877991e-01 2.872630e-03
0.984593 0.984593 3.028451e-01 3.020591e-03
0.983113 0.983113 3.377558e-01 3.371323e-03
0.982499 0.982499 4.125112e-01 4.010395e-03
0.983638 0.983638 3.836276e-01 3.810075e-03
0.982916 0.982916 3.328031e-01 3.326753e-03
0.982665 0.982665 3.387299e-01 3.332181e-03
0.984768 0.984768 3.092335e-01 3.044997e-03
0.984322 0.984322 3.245845e-01 3.174886e-03
0.983567 0.983567 3.207549e-01 3.112363e-03
0.985317 0.985317 2.888752e-01 2.883238e-03
0.984416 0.984416 2.910445e-01 2.864806e-03
0.981487 0.981487 3.817277e-01 3.790332e-03
0.980414 0.980414 4.168450e-01 4.145220e-03
0.983021 0.983021 3.213971e-01 3.164755e-03
0.985170 0.985170 2.682581e-01 2.655015e-03
0.982851 0.982851 3.182330e-01 3.110788e-03
0.981898 0.981898 3.616743e-01 3.609212e-03
0.980452 0.980452 3.834776e-01 3.826955e-03
0.978776 0.978776 4.657940e-01 4.646121e-03
0.982366 0.982366 3.103713e-01 3.081887e-03
0.982617 0.982617 3.185703e-01 3.124486e-03
0.981605 0.981605 3.512048e-01 3.492707e-03
0.981390 0.981390 3.933752e-01 3.861265e-03
0.985275 0.985275 2.775550e-01 2.671303e-03
0.978597 0.978597 5.026987e-01 4.927783e-03
0.981816 0.981816 3.592068e-01 3.561890e-03
0.984263 0.984263 2.762306e-01 2.688208e-03
0.982778 0.982778 3.194620e-01 3.103336e-03
0.981292 0.981292 3.892155e-01 3.798891e-03
0.979722 0.979722 3.970164e-01 3.931671e-03
0.982883 0.982883 3.033792e-01 3.015096e-03
0.981987 0.981987 3.162229e-01 3.072638e-03
0.977692 0.977692 5.037177e-01 4.996404e-03
0.980502 0.980502 3.798246e-01 3.732408e-03
0.979713 0.979713 3.774713e-01 3.771461e-03
0.976696 0.976696 4.523368e-01 4.442072e-03
0.977534 0.977534 4.570601e-01 4.569806e-03
0.980020 0.980020 3.603106e-01 3.547571e-03
0.977840 0.977840 4.252401e-01 4.247548e-03
0.983934 0.983934 2.817847e-01 2.735142e-03
0.982005 0.982005 3.047217e-01 2.954743e-03
0.977307 0.977307 5.604322e-01 5.525626e-03
0.977713 0.977713 3.932162e-01 3.851934e-03
0.980262 0.980262 3.610358e-01 3.523917e-03
0.978751 0.978751 4.208042e-01 4.201001e-03
0.978964 0.978964 3.981199e-01 3.924265e-03
0.982709 0.982709 3.063315e-01 2.960232e-03
0.980148 0.980148 3.291240e-01 3.287220e-03
0.978879 0.978879 3.650618e-01 3.579761e-03
0.985426 0.985426 2.571524e-01 2.477002e-03
0.981441 0.981441 2.973686e-01 2.917952e-03
0.976607 0.976607 4.353909e-01 4.336819e-03
0.975602 0.975602 5.620605e-01 5.591166e-03
0.974120 0.974120 5.848977e-01 5.846028e-03
0.974254 0.974254 4.619372e-01 4.572828e-03
0.983387 0.983387 2.635434e-01 2.592079e-03
0.978608 0.978608 3.399573e-01 3.350947e-03
0.976370 0.976370 3.993634e-01 3.934918e-03
0.972682 0.972682 6.916060e-01 6.870546e-03
0.972219 0.972219 6.822957e-01 6.774116e-03
0.978197 0.978197 3.597419e-01 3.506096e-03
0.976911 0.976911 4.471457e-01 4.422381e-03
0.977220 0.977220 3.564535e-01 3.542887e-03
0.978272 0.978272 3.741379e-01 3.737543e-03
0.980553 0.980553 3.058879e-01 3.011909e-03
0.975676 0.975676 4.178357e-01 4.135687e-03
0.976204 0.976204 4.417715e-01 4.360261e-03
0.976290 0.976290 4.392229e-01 4.307889e-03
0.975403 0.975403 4.191645e-01 4.171849e-03
0.973960 0.973960 4.967629e-01 4.903036e-03
0.978881 0.978881 3.206154e-01 3.153616e-03
0.978384 0.978384 3.125153e-01 3.091675e-03
0.980766 0.980766 3.160796e-01 3.098851e-03
0.978669 0.978669 3.198105e-01 3.117974e-03
0.973202 0.973202 5.221019e-01 5.152718e-03
0.972905 0.972905 5.674843e-01 5.566280e-03
0.973453 0.973453 4.846067e-01 4.824602e-03
0.970983 0.970983 5.191740e-01 5.156030e-03
0.973647 0.973647 4.409247e-01 4.361122e-03
0.977410 0.977410 3.236026e-01 3.190150e-03
0.972792 0.972792 5.909687e-01 5.867766e-03
0.973890 0.973890 4.671723e-01 4.611643e-03
0.971705 0.971705 7.165197e-01 7.090568e-03
0.973719 0.973719 3.793385e-01 3.771309e-03
0.978021 0.978021 3.140007e-01 3.136324e-03
0.977070 0.977070 3.561431e-01 3.468073e-03
0.974619 0.974619 4.147426e-01 4.133538e-03
0.974431 0.974431 4.213042e-01 4.081234e-03
0.969110 0.969110 5.949212e-01 5.944063e-03
0.974559 0.974559 4.012968e-01 3.924604e-03
0.973629 0.973629 4.985300e-01 4.960534e-03
0.972095 0.972095 5.253627e-01 5.243687e-03
0.978084 0.978084 3.186173e-01 3.085077e-03
0.973396 0.973396 4.246834e-01 4.118329e-03
0.972685 0.972685 4.454856e-01 4.442759e-03
0.968959 0.968959 4.880162e-01 4.876860e-03
0.971841 0.971841 3.985698e-01 3.963990e-03
0.972357 0.972357 4.579178e-01 4.535948e-03
0.974466 0.974466 3.986198e-01 3.941341e-03
0.973651 0.973651 3.994286e-01 3.926742e-03
0.969046 0.969046 6.543212e-01 6.423737e-03
0.971365 0.971365 3.770163e-01 3.761782e-03
0.978370 0.978370 3.084419e-01 3.042098e-03
0.968435 0.968435 4.809779e-01 4.713917e-03
0.977514 0.977514 3.192328e-01 3.133903e-03
0.966938 0.966938 5.668198e-01 5.652720e-03
0.974494 0.974494 3.611350e-01 3.573336e-03
0.971634 0.971634 5.224845e-01 5.088463e-03
0.971136 0.971136 4.482878e-01 4.437811e-03
0.971138 0.971138 5.008257e-01 4.978387e-03
0.981495 0.981495 2.412710e-01 2.310745e-03
0.968602 0.968602 6.226232e-01 6.117967e-03
0.971274 0.971274 5.136918e-01 5.061525e-03
0.971277 0.971277 4.392126e-01 4.392105e-03
0.967335 0.967335 5.137017e-01 5.110316e-03
0.972659 0.972659 3.968606e-01 3.868155e-03
0.965244 0.965244 8.970817e-01 8.934883e-03
0.972196 0.972196 3.948291e-01 3.887802e-03
0.968475 0.968475 5.094137e-01 5.017114e-03
0.969079 0.969079 5.340099e-01 5.316558e-03
0.971115 0.971115 4.934724e-01 4.812307e-03
0.970166 0.970166 5.352510e-01 5.349982e-03
0.967957 0.967957 6.913984e-01 6.806180e-03
0.970331 0.970331 3.917940e-01 3.886517e-03
0.965489 0.965489 5.729872e-01 5.690637e-03
0.966551 0.966551 6.900711e-01 6.827935e-03
0.968247 0.968247 4.339448e-01 4.300009e-03
0.966343 0.966343 6.049382e-01 5.986656e-03
0.963958 0.963958 6.418595e-01 6.275035e-03
0.965438 0.965438 6.235849e-01 6.225408e-03
0.967427 0.967427 6.017127e-01 5.907924e-03
0.961343 0.961343 9.106768e-01 9.092175e-03
0.964166 0.964166 7.969269e-01 7.924696e-03
0.970867 0.970867 3.896107e-01 3.799390e-03
0.968089 0.968089 4.623147e-01 4.579483e-03
0.964216 0.964216 7.758302e-01 7.678525e-03
0.968416 0.968416 4.803104e-01 4.729048e-03
0.962870 0.962870 7.872293e-01 7.867395e-03
0.972229 0.972229 3.617075e-01 3.500666e-03
0.966117 0.966117 6.611796e-01 6.592449e-03
0.965896 0.965896 5.201797e-01 5.162035e-03
0.965667 0.965667 4.425859e-01 4.371637e-03
0.964961 0.964961 7.088618e-01 7.071653e-03
0.964269 0.964269 7.640541e-01 7.604168e-03
0.964789 0.964789 7.781225e-01 7.715335e-03
0.963631 0.963631 6.089800e-01 6.086162e-03
0.963687 0.963687 6.492568e-01 6.444783e-03
0.965856 0.965856 5.281001e-01 5.194147e-03
0.962056 0.962056 7.347173e-01 7.206578e-03
0.962626 0.962626 6.734050e-01 6.623463e-03
0.973404 0.973404 4.139151e-01 4.103077e-03
0.962406 0.962406 8.836543e-01 8.811465e-03
0.959911 0.959911 1.123214e+00 1.120786e-02
0.965132 0.965132 7.236265e-01 7.092371e-03
0.961571 0.961571 8.528812e-01 8.517041e-03
0.953151 0.953151 1.051356e+00 1.035662e-02
0.968010 0.968010 3.738017e-01 3.737831e-03
0.955966 0.955966 1.200840e+00 1.197851e-02
0.962129 0.962129 5.618266e-01 5.543823e-03
0.957456 0.957456 8.083467e-01 8.002626e-03
0.970903 0.970903 3.080413e-01 3.023167e-03
0.965470 0.965470 5.182299e-01 5.078722e-03
0.958943 0.958943 1.119945e+00 1.107828e-02
0.957543 0.957543 8.406771e-01 8.400725e-03
0.964166 0.964166 5.871394e-01 5.793503e-03
0.963618 0.963618 5.194059e-01 5.095847e-03
0.970118 0.970118 3.402730e-01 3.311980e-03
0.957852 0.957852 7.338302e-01 7.327105e-03
0.966939 0.966939 4.773986e-01 4.754229e-03
0.958446 0.958446 9.563520e-01 9.534695e-03
0.962281 0.962281 5.556533e-01 5.499995e-03
0.967352 0.967352 4.720137e-01 4.645000e-03
0.961336 0.961336 8.518499e-01 8.467484e-03
0.958919 0.958919 1.020909e+00 1.019164e-02
0.961579 0.961579 5.878200e-01 5.813132e-03
0.967960 0.967960 5.091429e-01 5.079777e-03
0.961161 0.961161 6.347897e-01 6.330722e-03
0.963648 0.963648 6.332312e-01 6.226808e-03
0.972796 0.972796 3.475416e-01 3.355295e-03
0.964642 0.964642 5.894899e-01 5.827177e-03
0.952855 0.952855 1.408500e+00 1.403357e-02
0.969710 0.969710 4.318593e-01 4.241590e-03
0.960360 0.960360 7.276744e-01 7.220987e-03
0.959154 0.959154 7.672964e-01 7.581832e-03
0.958731 0.958731 6.274205e-01 6.198294e-03
0.957394 0.957394 7.976262e-01 7.859033e-03
0.950421 0.950421 1.167928e+00 1.165330e-02
0.963367 0.963367 5.765708e-01 5.669710e-03
0.959066 0.959066 5.575899e-01 5.541646e-03
0.960554 0.960554 6.930161e-01 6.787197e-03
0.964163 0.964163 5.570726e-01 5.481632e-03
0.959751 0.959751 5.001122e-01 4.973644e-03
0.960775 0.960775 7.769797e-01 7.678777e-03
0.959392 0.959392 7.973323e-01 7.950730e-03
0.966870 0.966870 3.890802e-01 3.794176e-03
0.962013 0.962013 6.221566e-01 6.129689e-03
0.957297 0.957297 1.083317e+00 1.073530e-02
0.963670 0.963670 6.207144e-01 6.148205e-03
0.959108 0.959108 5.889776e-01 5.833941e-03
0.961005 0.961005 6.875472e-01 6.847002e-03
0.955961 0.955961 1.465849e+00 1.451596e-02
0.957791 0.957791 6.003439e-01 5.924531e-03
0.975361 0.975361 2.484545e-01 2.452581e-03
0.959679 0.959679 6.378761e-01 6.369898e-03
0.961476 0.961476 5.513924e-01 5.461344e-03
0.956380 0.956380 6.414312e-01 6.376946e-03
0.968779 0.968779 3.115495e-01 3.107541e-03
0.959386 0.959386 5.370562e-01 5.278633e-03
0.962239 0.962239 5.425094e-01 5.421067e-03
0.952665 0.952665 1.398790e+00 1.395433e-02
0.957178 0.957178 6.456855e-01 6.376970e-03
0.966940 0.966940 4.131729e-01 4.122879e-03
0.948105 0.948105 1.384688e+00 1.381227e-02
0.947650 0.947650 1.077852e+00 1.071542e-02
0.951834 0.951834 1.300215e+00 1.295559e-02
0.950457 0.950457 1.118777e+00 1.111833e-02
0.968915 0.968915 3.857157e-01 3.798030e-03
0.946786 0.946786 1.312960e+00 1.308037e-02
0.955652 0.955652 7.905857e-01 7.854909e-03
0.960684 0.960684 5.176405e-01 5.076894e-03
0.964392 0.964392 4.858000e-01 4.857250e-03
0.961597 0.961597 4.916696e-01 4.851198e-03
0.943511 0.943511 2.093243e+00 2.091257e-02
0.960869 0.960869 5.364044e-01 5.309112e-03
0.954700 0.954700 6.175174e-01 6.112603e-03
0.953130 0.953130 9.889087e-01 9.779234e-03
0.964426 0.964426 4.347599e-01 4.320260e-03
0.946799 0.946799 8.815100e-01 8.806939e-03
0.954357 0.954357 8.288839e-01 8.247055e-03
0.965422 0.965422 3.535129e-01 3.510135e-03
0.953581 0.953581 8.340591e-01 8.332960e-03
0.960917 0.960917 4.245519e-01 4.240069e-03
0.956086 0.956086 7.548032e-01 7.483506e-03
0.954248 0.954248 5.616351e-01 5.598319e-03
0.949283 0.949283 8.892654e-01 8.875862e-03
0.954385 0.954385 7.798982e-01 7.798437e-03
0.964038 0.964038 3.535479e-01 3.470479e-03
0.951002 0.951002 7.881199e-01 7.787062e-03
0.956453 0.956453 7.808953e-01 7.799163e-03
0.951354 0.951354 6.809937e-01 6.727711e-03
0.947594 0.947594 1.755182e+00 1.736321e-02
0.959641 0.959641 5.292865e-01 5.185750e-03
0.936263 0.936263 1.769448e+00 1.762805e-02
0.952099 0.952099 7.496119e-01 7.475924e-03
0.966023 0.966023 4.322218e-01 4.283746e-03
0.955625 0.955625 7.905465e-01 7.859839e-03
0.939296 0.939296 1.816733e+00 1.815933e-02
0.933439 0.933439 2.618958e+00 2.608321e-02
0.952413 0.952413 7.989553e-01 7.920252e-03
0.941233 0.941233 1.164549e+00 1.155768e-02
0.949100 0.949100 9.963921e-01 9.949254e-03
0.951385 0.951385 9.536165e-01 9.512528e-03
0.948414 0.948414 9.648812e-01 9.513179e-03
0.950068 0.950068 8.572733e-01 8.492351e-03
0.951716 0.951716 7.917910e-01 7.891130e-03
0.945097 0.945097 1.735734e+00 1.723479e-02
0.944895 0.944895 1.511891e+00 1.511764e-02
0.952481 0.952481 7.832385e-01 7.822617e-03
0.947565 0.947565 6.286999e-01 6.205426e-03
0.962561 0.962561 4.957212e-01 4.917996e-03
0.968406 0.968406 3.338938e-01 3.318743e-03
0.943250 0.943250 1.517476e+00 1.515751e-02
0.955073 0.955073 7.525687e-01 7.387711e-03
0.954666 0.954666 8.824714e-01 8.796018e-03
0.948207 0.948207 1.261354e+00 1.259413e-02
0.946402 0.946402 9.718961e-01 9.706723e-03
0.947649 0.947649 1.133549e+00 1.130855e-02
0.956707 0.956707 4.356180e-01 4.329665e-03
0.946457 0.946457 1.240736e+00 1.234681e-02
0.936690 0.936690 2.584487e+00 2.568568e-02
0.955395 0.955395 7.791695e-01 7.709402e-03
0.948224 0.948224 9.152776e-01 9.108351e-03
0.943893 0.943893 7.872335e-01 7.835829e-03
0.929951 0.929951 2.205612e+00 2.198480e-02
0.940908 0.940908 1.455814e+00 1.452135e-02
0.946557 0.946557 1.546659e+00 1.546637e-02
0.947335 0.947335 1.326572e+00 1.323645e-02
0.953464 0.953464 6.762205e-01 6.760665e-03
0.943151 0.943151 1.389699e+00 1.385519e-02
0.954048 0.954048 6.724439e-01 6.705187e-03
0.945958 0.945958 1.145016e+00 1.134959e-02
0.948830 0.948830 1.173730e+00 1.170744e-02
0.939255 0.939255 1.900329e+00 1.897556e-02
0.949592 0.949592 8.472739e-01 8.459157e-03
0.950643 0.950643 6.169391e-01 6.077161e-03
0.953422 0.953422 8.144358e-01 8.143468e-03
0.947361 0.947361 1.348489e+00 1.338564e-02
0.945005 0.945005 1.396755e+00 1.391133e-02
0.940766 0.940766 1.682232e+00 1.674065e-02
0.953453 0.953453 5.356423e-01 5.316061e-03
0.951835 0.951835 8.000312e-01 7.943824e-03
0.941237 0.941237 1.315266e+00 1.306638e-02
0.957179 0.957179 6.113716e-01 6.087611e-03
0.945851 0.945851 1.014525e+00 1.005708e-02
0.943904 0.943904 1.480945e+00 1.475593e-02
0.951113 0.951113 6.743540e-01 6.708961e-03
0.944084 0.944084 7.959713e-01 7.950896e-03
0.938019 0.938019 2.251676e+00 2.241568e-02
0.932944 0.932944 1.974171e+00 1.963588e-02
0.923822 0.923822 3.380593e+00 3.365125e-02
0.941502 0.941502 1.500864e+00 1.495906e-02
0.943821 0.943821 1.198973e+00 1.189038e-02
0.946882 0.946882 1.048143e+00 1.043062e-02
0.936714 0.936714 1.328516e+00 1.327044e-02
0.945364 0.945364 1.002063e+00 9.974888e-03
0.937957 0.937957 1.725110e+00 1.724223e-02
0.938961 0.938961 1.505115e+00 1.496367e-02
0.940406 0.940406 1.156035e+00 1.147291e-02
0.940792 0.940792 1.418275e+00 1.414500e-02
0.956336 0.956336 5.858504e-01 5.775834e-03
0.946127 0.946127 8.111673e-01 8.084606e-03
0.950633 0.950633 7.979291e-01 7.932649e-03
0.946324 0.946324 8.232040e-01 8.183087e-03
0.942889 0.942889 1.183119e+00 1.173547e-02
0.937270 0.937270 2.472321e+00 2.468876e-02
0.939285 0.939285 1.176298e+00 1.172532e-02
0.959504 0.959504 4.570607e-01 4.564158e-03
0.942238 0.942238 1.459887e+00 1.453898e-02
0.953893 0.953893 4.922071e-01 4.889825e-03
0.942541 0.942541 1.476861e+00 1.467757e-02
0.937753 0.937753 1.130328e+00 1.129638e-02
0.937455 0.937455 1.368927e+00 1.360432e-02
0.944304 0.944304 9.628691e-01 9.549501e-03
0.946326 0.946326 8.019181e-01 7.998892e-03
0.944296 0.944296 7.754385e-01 7.674856e-03
0.937320 0.937320 1.168955e+00 1.166522e-02
0.925874 0.925874 3.774583e+00 3.769943e-02
0.939519 0.939519 2.183395e+00 2.182936e-02
0.923285 0.923285 1.893010e+00 1.884154e-02
0.960431 0.960431 3.959297e-01 3.932131e-03
0.936295 0.936295 2.130439e+00 2.125510e-02
0.933103 0.933103 2.222960e+00 2.214665e-02
0.943356 0.943356 1.054757e+00 1.054549e-02
0.933284 0.933284 2.153013e+00 2.147552e-02
0.944966 0.944966 7.834299e-01 7.759055e-03
0.942642 0.942642 1.334810e+00 1.321142e-02
0.945485 0.945485 8.971316e-01 8.924390e-03
0.923953 0.923953 2.353078e+00 2.351607e-02
0.937608 0.937608 1.209270e+00 1.206959e-02
0.942812 0.942812 7.634252e-01 7.584623e-03
0.947856 0.947856 9.967242e-01 9.951222e-03
0.940942 0.940942 7.156661e-01 7.143638e-03
0.944861 0.944861 1.000070e+00 9.965280e-03
0.925842 0.925842 3.334209e+00 3.318171e-02
0.963894 0.963894 3.269058e-01 3.221549e-03
0.943228 0.943228 7.171416e-01 7.092274e-03
0.936420 0.936420 1.536658e+00 1.533757e-02
0.929731 0.929731 1.996622e+00 1.993760e-02
0.943668 0.943668 9.178488e-01 9.098368e-03
0.939326 0.939326 1.348938e+00 1.344537e-02
0.931198 0.931198 2.773499e+00 2.763374e-02
0.942021 0.942021 1.340349e+00 1.335388e-02
0.923965 0.923965 2.741894e+00 2.732284e-02
0.943540 0.943540 9.081758e-01 9.019077e-03
0.945315 0.945315 7.650010e-01 7.544539e-03
0.894021 0.894021 9.229120e+00 9.227063e-02
0.944970 0.944970 6.754280e-01 6.733591e-03
0.904876 0.904876 8.025325e+00 7.996475e-02
0.939157 0.939157 1.236718e+00 1.233943e-02
0.931212 0.931212 1.954741e+00 1.945758e-02
0.930574 0.930574 2.114170e+00 2.111982e-02
0.935181 0.935181 1.220846e+00 1.215548e-02
0.932686 0.932686 1.463690e+00 1.463498e-02
0.910073 0.910073 3.706370e+00 3.699311e-02
0.916357 0.916357 4.150336e+00 4.139337e-02
0.925446 0.925446 2.318758e+00 2.314314e-02
0.943369 0.943369 7.850714e-01 7.741067e-03
0.922263 0.922263 3.032382e+00 3.029412e-02
0.936150 0.936150 1.659142e+00 1.653831e-02
0.936331 0.936331 1.244302e+00 1.237789e-02
0.931179 0.931179 2.430415e+00 2.423395e-02
0.948075 0.948075 7.199223e-01 7.188485e-03
0.926070 0.926070 2.425728e+00 2.421627e-02
0.937318 0.937318 1.774529e+00 1.769262e-02
0.966301 0.966301 2.781552e-01 2.746817e-03
0.939348 0.939348 8.424573e-01 8.352641e-03
0.946419 0.946419 8.638152e-01 8.628918e-03
0.927928 0.927928 1.739266e+00 1.737693e-02
0.921197 0.921197 3.732686e+00 3.729732e-02
0.938294 0.938294 1.696395e+00 1.686260e-02
0.939280 0.939280 1.351177e+00 1.345775e-02
0.915156 0.915156 5.254812e+00 5.240133e-02
0.913901 0.913901 3.688597e+00 3.683650e-02
0.929811 0.929811 2.019033e+00 2.012807e-02
0.932140 0.932140 8.800074e-01 8.752290e-03
0.947628 0.947628 7.990630e-01 7.921043e-03
0.906475 0.906475 8.030241e+00 8.022967e-02
0.934359 0.934359 1.198897e+00 1.196590e-02
0.929790 0.929790 2.242134e+00 2.234189e-02
0.933931 0.933931 1.413728e+00 1.410352e-02
0.918646 0.918646 1.502615e+00 1.501893e-02
0.912114 0.912114 4.382896e+00 4.370254e-02
0.921197 0.921197 4.873178e+00 4.861686e-02
0.933332 0.933332 1.129228e+00 1.123838e-02
