1.0
0.0655009
0.134755
0.0127279
0.126962
0.0990891
0.17371
0.0156751
0.0474372
0.155959
1.0
0.0212603
0.0618522
0.0954016
0.0529819
0.178657
0.0239088
0.022836
0.0424421
0.194981
1.0
0.0477318
0.0958266
0.0330697
0.142033
0.136734
0.166702
0.120282
0.0284344
0.195346
1.0
0.197491
0.0744323
0.106011
0.101335
0.0120265
0.173105
0.0650283
0.162444
0.185206
1.0
0.0554746
0.0536753
0.0640988
0.11948
0.102173
0.0440778
0.105905
0.0224507
0.0106849
1.0
0.042766
0.0307708
0.181637
0.0973974
0.198442
0.0945509
0.0460014
0.025183
0.0724917
1.0
0.147944
0.113827
0.172815
0.20275
0.0506853
0.0145819
0.0755542
0.145494
0.182822
1.0
0.0181798
0.125827
0.0477527
0.0164508
0.159317
0.0523603
0.0265027
0.0725423
0.181971
1.0
