1.
-0.0565829
-0.078956
-0.0963792
-0.0549344
-0.211343
-0.210742
-0.0823628
0.0258936
0.0350496
1.
0.00228719
-0.0899743
0.0104841
0.024811
0.00780511
-0.0867796
-0.0579805
-0.0643149
-0.0241952
1.
-0.128263
-0.0125735
0.0115512
0.024094
-0.0231572
-0.120533
-0.171148
-0.0186992
-0.0384073
1.
0.0167603
-0.200329
0.0231689
0.00830111
-0.0278993
-0.113495
-0.0635303
-0.0569305
-0.217136
1.
-0.212023
-0.0185642
-0.0435304
-0.134846
-0.139566
0.0188292
-0.139225
-0.101903
0.0257111
1.
-0.162631
-0.140383
0.0272904
0.0303387
-0.172106
-0.120871
-0.160041
-0.205547
-0.171206
1.
-0.0424535
-0.0874374
0.0131555
-0.158646
-0.174787
-0.146468
-0.0454853
-0.0991418
0.00852967
1.
-0.197088
-0.150187
-0.0985721
-0.20927
-0.00111878
0.0328288
0.0299083
-0.0770903
-0.0253086
1.
