1.
0.190896
0.161768
0.087197
0.109268
0.0415395
0.0432895
0.0157626
-0.0286464
0.172045
1.
-0.00790764
0.118662
0.123475
0.0369281
-0.0127355
0.12581
0.194723
-0.0274288
0.115471
1.
0.104928
0.0243034
0.0718547
0.0732246
0.126703
0.0664269
0.0547896
0.0222951
-0.00442102
1.
0.110923
0.158314
0.163374
0.16109
0.125049
0.0842439
0.092388
0.0202978
0.147312
1.
0.154033
0.123274
0.207391
0.142261
-0.0072106
-0.0247134
0.127083
0.0286751
0.0137253
1.
0.204516
0.205626
0.00612821
0.064039
0.011751
0.162456
0.13328
0.187273
-0.00230592
1.
0.111727
0.0704372
-0.0148628
0.00324009
0.0998935
0.0594596
0.121304
-0.00153455
0.0864699
1.
0.168503
0.118373
0.174195
0.0323743
0.0238597
0.105995
0.131826
-0.0235648
0.0358898
1.
