1.
-0.00758473
0.152645
-0.076208
0.0805123
0.182899
0.0734223
-0.0028587
0.147346
0.095468
1.
-0.122469
-0.101506
-0.0453933
0.162834
-0.137807
0.160764
0.163758
0.109406
0.0850365
1.
-0.115418
-0.0389335
-0.0254647
0.146368
0.0343404
0.0398775
-0.0147596
-0.139331
0.187056
1.
0.041724
0.0939527
0.0324948
0.00646973
0.00695399
-0.0544754
-0.053237
0.0286528
-0.0524912
1.
-0.130555
-0.105074
-0.141119
0.189334
-0.0759046
-0.128929
-0.0322378
-0.0500876
-0.0407223
1.
-0.0468865
-0.0866812
-0.0271426
0.0797853
0.0790159
0.121304
-0.00326909
0.112522
0.0489636
1.
-0.00512276
-0.0765799
0.0407365
0.0876746
-0.100615
0.122194
-0.122792
-0.0310955
-0.0148725
1.
0.0825639
-0.109961
0.0936765
-0.0474462
-0.0944787
0.185262
0.133634
-0.107891
-0.0297841
1.
