1.
-0.0347481
0.095686
-0.0950831
0.155861
0.0501531
0.166125
0.102398
0.114917
0.147889
1.
0.154456
0.0515298
-0.00616582
0.0104428
0.163257
0.174016
0.0257206
0.126337
-0.0747821
1.
-0.0937392
0.100773
-0.0819841
0.230918
-0.0626159
0.218851
0.203767
-0.0313313
0.0806187
1.
0.215349
-0.0710654
-0.0681605
0.0925676
0.127859
-0.002342
-0.0321263
0.0590247
0.0304725
1.
-0.0864459
0.160192
0.056996
-0.07667
-0.012743
0.185311
0.142139
-0.116142
0.0698957
1.
0.0454381
0.109527
-0.0593035
0.105616
-0.019057
0.0731338
0.0717508
0.0966362
0.19564
1.
0.175614
-0.0320116
0.0125481
0.0565661
0.00624721
0.107889
0.231084
-0.0648009
0.00416722
1.
0.220427
0.163848
0.185097
0.019416
0.193932
-0.0561173
-0.0107157
-0.00535422
0.0193915
1.
