0.997681 0.997681 2.085950e-01 2.073396e-03
0.997227 0.997227 2.115023e-01 2.098185e-03
0.997158 0.997158 2.109234e-01 2.098064e-03
0.996225 0.996225 2.180577e-01 2.164793e-03
0.996154 0.996154 2.176302e-01 2.154387e-03
0.996318 0.996318 2.148061e-01 2.120314e-03
0.995897 0.995897 2.167159e-01 2.146505e-03
0.994926 0.994926 2.245193e-01 2.221072e-03
0.995521 0.995521 2.169666e-01 2.127043e-03
0.994359 0.994359 2.235900e-01 2.223596e-03
0.994753 0.994753 2.210122e-01 2.185554e-03
0.993278 0.993278 2.356699e-01 2.316450e-03
0.993201 0.993201 2.343380e-01 2.342141e-03
0.993757 0.993757 2.228283e-01 2.189468e-03
0.992854 0.992854 2.245883e-01 2.197556e-03
0.992981 0.992981 2.319309e-01 2.299069e-03
0.992400 0.992400 2.265661e-01 2.217934e-03
0.992397 0.992397 2.316943e-01 2.308758e-03
0.991638 0.991638 2.404265e-01 2.351257e-03
0.991374 0.991374 2.469556e-01 2.386482e-03
0.990655 0.990655 2.445112e-01 2.355341e-03
0.990580 0.990580 2.407256e-01 2.342076e-03
0.989306 0.989306 2.509989e-01 2.493470e-03
0.992681 0.992681 2.181663e-01 2.138290e-03
0.987719 0.987719 2.770694e-01 2.735738e-03
0.987907 0.987907 2.627444e-01 2.567718e-03
0.990639 0.990639 2.336365e-01 2.308078e-03
0.989109 0.989109 2.436702e-01 2.415981e-03
0.989821 0.989821 2.525393e-01 2.481127e-03
0.987358 0.987358 2.512236e-01 2.494046e-03
0.986762 0.986762 2.917147e-01 2.813812e-03
0.987035 0.987035 2.586940e-01 2.498589e-03
0.985486 0.985486 2.798528e-01 2.784845e-03
0.985204 0.985204 3.030758e-01 2.976516e-03
0.985961 0.985961 2.650452e-01 2.638587e-03
0.984308 0.984308 3.078316e-01 3.038354e-03
0.985783 0.985783 2.774474e-01 2.768907e-03
0.984327 0.984327 3.056306e-01 3.014531e-03
0.986721 0.986721 2.761434e-01 2.690556e-03
0.984602 0.984602 2.872102e-01 2.834262e-03
0.981969 0.981969 3.489889e-01 3.367833e-03
0.986087 0.986087 2.439427e-01 2.431340e-03
0.981625 0.981625 3.084119e-01 3.036284e-03
0.983699 0.983699 2.876867e-01 2.862007e-03
0.983188 0.983188 2.873749e-01 2.766527e-03
0.980782 0.980782 3.549994e-01 3.540420e-03
0.979866 0.979866 3.155390e-01 3.088579e-03
0.980422 0.980422 3.299403e-01 3.269246e-03
0.979830 0.979830 3.201295e-01 3.149361e-03
0.979826 0.979826 3.305251e-01 3.233820e-03
0.986099 0.986099 2.308840e-01 2.271845e-03
0.979597 0.979597 3.021312e-01 2.969122e-03
0.986899 0.986899 2.355942e-01 2.345566e-03
0.983853 0.983853 2.665331e-01 2.574852e-03
0.986024 0.986024 2.401678e-01 2.346005e-03
0.984679 0.984679 2.462211e-01 2.394762e-03
0.980626 0.980626 2.961916e-01 2.928031e-03
0.975186 0.975186 3.607697e-01 3.553124e-03
0.983258 0.983258 2.464910e-01 2.451286e-03
0.978604 0.978604 3.039488e-01 3.029930e-03
0.973383 0.973383 3.887765e-01 3.870742e-03
0.975654 0.975654 3.164435e-01 3.098041e-03
0.971539 0.971539 4.019131e-01 3.975032e-03
0.974673 0.974673 3.743677e-01 3.646326e-03
0.977379 0.977379 3.214200e-01 3.151482e-03
0.978502 0.978502 3.087652e-01 3.062583e-03
0.976400 0.976400 3.261327e-01 3.250424e-03
0.976423 0.976423 3.010560e-01 2.951584e-03
0.983906 0.983906 2.471492e-01 2.470402e-03
0.980185 0.980185 2.628046e-01 2.572615e-03
0.968976 0.968976 5.801832e-01 5.730392e-03
0.976277 0.976277 3.356412e-01 3.273171e-03
0.973689 0.973689 3.839193e-01 3.804791e-03
0.971665 0.971665 3.964699e-01 3.954459e-03
0.975839 0.975839 3.053954e-01 3.004709e-03
0.974708 0.974708 3.154947e-01 3.154271e-03
0.968747 0.968747 3.901561e-01 3.875203e-03
0.977465 0.977465 3.108174e-01 3.028233e-03
0.970150 0.970150 4.104146e-01 4.063144e-03
0.972907 0.972907 3.589257e-01 3.565248e-03
0.967120 0.967120 4.173511e-01 4.173105e-03
0.971584 0.971584 3.482885e-01 3.478729e-03
0.966804 0.966804 5.252220e-01 5.235096e-03
0.972121 0.972121 3.643606e-01 3.554136e-03
0.968467 0.968467 4.448678e-01 4.399085e-03
0.976289 0.976289 3.015744e-01 2.943471e-03
0.966102 0.966102 3.863233e-01 3.835030e-03
0.974057 0.974057 2.814126e-01 2.785299e-03
0.966545 0.966545 4.643624e-01 4.637969e-03
0.966801 0.966801 4.073873e-01 4.004157e-03
0.973476 0.973476 3.186358e-01 3.096127e-03
0.965903 0.965903 5.180767e-01 5.089097e-03
0.964929 0.964929 4.195892e-01 4.084267e-03
0.960370 0.960370 4.528063e-01 4.526899e-03
0.965777 0.965777 4.521664e-01 4.504611e-03
0.966521 0.966521 4.664416e-01 4.613576e-03
0.961330 0.961330 5.380239e-01 5.278508e-03
0.966260 0.966260 4.776419e-01 4.729937e-03
0.965985 0.965985 4.317849e-01 4.304001e-03
0.972197 0.972197 2.826860e-01 2.750631e-03
0.961075 0.961075 4.658390e-01 4.624719e-03
0.960334 0.960334 5.053946e-01 5.025886e-03
0.963182 0.963182 5.155102e-01 5.066876e-03
0.972559 0.972559 3.251994e-01 3.180998e-03
0.958638 0.958638 4.827483e-01 4.800623e-03
0.967304 0.967304 3.277930e-01 3.273425e-03
0.963325 0.963325 4.086850e-01 4.060450e-03
0.955210 0.955210 6.150657e-01 6.076445e-03
0.965906 0.965906 3.999446e-01 3.941147e-03
0.969614 0.969614 3.014800e-01 2.923762e-03
0.957975 0.957975 6.786299e-01 6.738846e-03
0.964902 0.964902 3.344465e-01 3.279829e-03
0.958413 0.958413 4.667896e-01 4.661017e-03
0.962152 0.962152 4.101842e-01 4.097534e-03
0.962151 0.962151 3.901846e-01 3.823037e-03
0.952689 0.952689 6.688191e-01 6.679732e-03
0.964805 0.964805 4.085583e-01 4.069801e-03
0.961507 0.961507 5.326889e-01 5.282990e-03
0.962826 0.962826 4.452715e-01 4.408454e-03
0.962357 0.962357 5.470358e-01 5.381544e-03
0.951684 0.951684 6.164528e-01 6.148096e-03
0.951621 0.951621 5.620256e-01 5.601730e-03
0.958579 0.958579 5.761911e-01 5.688741e-03
0.960161 0.960161 4.802830e-01 4.743660e-03
0.979464 0.979464 2.441718e-01 2.384037e-03
0.945931 0.945931 7.493772e-01 7.485788e-03
0.962000 0.962000 3.245078e-01 3.228990e-03
0.944771 0.944771 8.764272e-01 8.697333e-03
0.967635 0.967635 3.073248e-01 3.006210e-03
0.940719 0.940719 8.232905e-01 8.119893e-03
0.946521 0.946521 9.429717e-01 9.345794e-03
0.948033 0.948033 7.419581e-01 7.375492e-03
0.950772 0.950772 5.537001e-01 5.521857e-03
0.945250 0.945250 8.529820e-01 8.481427e-03
0.962876 0.962876 3.224817e-01 3.202751e-03
0.944166 0.944166 9.477566e-01 9.426880e-03
0.941005 0.941005 9.578462e-01 9.512193e-03
0.944283 0.944283 6.830295e-01 6.781516e-03
0.957843 0.957843 4.806377e-01 4.717770e-03
0.952672 0.952672 4.255406e-01 4.209782e-03
0.954483 0.954483 5.183232e-01 5.139366e-03
0.952862 0.952862 7.098743e-01 7.057204e-03
0.946403 0.946403 6.984892e-01 6.971689e-03
0.941536 0.941536 6.970280e-01 6.957023e-03
0.945877 0.945877 7.185684e-01 7.135930e-03
0.955920 0.955920 4.781911e-01 4.718620e-03
0.956892 0.956892 4.972655e-01 4.935354e-03
0.942767 0.942767 7.008807e-01 6.983492e-03
0.936994 0.936994 7.363733e-01 7.323139e-03
0.945170 0.945170 7.029658e-01 7.010919e-03
0.946405 0.946405 6.561154e-01 6.524677e-03
0.941724 0.941724 1.035580e+00 1.030599e-02
0.951643 0.951643 4.425451e-01 4.359459e-03
0.930163 0.930163 1.591006e+00 1.587455e-02
0.932897 0.932897 8.436067e-01 8.415818e-03
0.936702 0.936702 1.193523e+00 1.192111e-02
0.943693 0.943693 8.075478e-01 8.040851e-03
0.945333 0.945333 7.818676e-01 7.751516e-03
0.937780 0.937780 8.191771e-01 8.150343e-03
0.935490 0.935490 8.548076e-01 8.467531e-03
0.933468 0.933468 9.319691e-01 9.319388e-03
0.937179 0.937179 8.757904e-01 8.691488e-03
0.955918 0.955918 3.851005e-01 3.825739e-03
0.955161 0.955161 4.584881e-01 4.544097e-03
0.936970 0.936970 7.013681e-01 6.947271e-03
0.929494 0.929494 1.487287e+00 1.481421e-02
0.935820 0.935820 6.810910e-01 6.805013e-03
0.950482 0.950482 4.577969e-01 4.532660e-03
0.950340 0.950340 5.260618e-01 5.232509e-03
0.941197 0.941197 5.715648e-01 5.676997e-03
0.954122 0.954122 3.994141e-01 3.982713e-03
0.934710 0.934710 6.384358e-01 6.319359e-03
0.940531 0.940531 6.145410e-01 6.133907e-03
0.944032 0.944032 5.005270e-01 4.963909e-03
0.946999 0.946999 6.276140e-01 6.239870e-03
0.937283 0.937283 8.388269e-01 8.374476e-03
0.933244 0.933244 9.406881e-01 9.390040e-03
0.939097 0.939097 1.038248e+00 1.030492e-02
0.940950 0.940950 5.550827e-01 5.524968e-03
0.943630 0.943630 5.508462e-01 5.492813e-03
0.942875 0.942875 5.567157e-01 5.515632e-03
0.951092 0.951092 5.820796e-01 5.816786e-03
0.938339 0.938339 5.332945e-01 5.300287e-03
0.923881 0.923881 1.911862e+00 1.906425e-02
0.929348 0.929348 5.711784e-01 5.695418e-03
0.925188 0.925188 1.453578e+00 1.451324e-02
0.948564 0.948564 4.017482e-01 3.949090e-03
0.927843 0.927843 1.474690e+00 1.473707e-02
0.916628 0.916628 2.341850e+00 2.339504e-02
0.925755 0.925755 1.201076e+00 1.199424e-02
0.927627 0.927627 1.083976e+00 1.074683e-02
0.937726 0.937726 8.790847e-01 8.763958e-03
0.916520 0.916520 1.967485e+00 1.964748e-02
0.934805 0.934805 6.056394e-01 6.028348e-03
0.929974 0.929974 8.515864e-01 8.464065e-03
0.933611 0.933611 8.735247e-01 8.717250e-03
0.942081 0.942081 6.403349e-01 6.380872e-03
0.930473 0.930473 8.644418e-01 8.574270e-03
0.914878 0.914878 1.003599e+00 1.001556e-02
0.928001 0.928001 1.064265e+00 1.062156e-02
0.929197 0.929197 8.199070e-01 8.152724e-03
0.937554 0.937554 4.287590e-01 4.271993e-03
0.929112 0.929112 5.981469e-01 5.945380e-03
0.958830 0.958830 3.141659e-01 3.097946e-03
0.938644 0.938644 5.875807e-01 5.867024e-03
0.923725 0.923725 1.126997e+00 1.125019e-02
0.893740 0.893740 3.216958e+00 3.209712e-02
0.924647 0.924647 6.379143e-01 6.366183e-03
0.926737 0.926737 1.004612e+00 9.949054e-03
0.933360 0.933360 7.701813e-01 7.640292e-03
0.921762 0.921762 1.006695e+00 1.004911e-02
0.908943 0.908943 1.561690e+00 1.552069e-02
0.938895 0.938895 6.777711e-01 6.775818e-03
0.953981 0.953981 3.700192e-01 3.693415e-03
0.920512 0.920512 1.411227e+00 1.407182e-02
0.922345 0.922345 1.904042e+00 1.897888e-02
0.918977 0.918977 1.524909e+00 1.521258e-02
0.924489 0.924489 1.075623e+00 1.068991e-02
0.939274 0.939274 6.186381e-01 6.093593e-03
0.930610 0.930610 5.427272e-01 5.404128e-03
0.916991 0.916991 1.999438e+00 1.994523e-02
0.921530 0.921530 1.518175e+00 1.504970e-02
0.924002 0.924002 9.972226e-01 9.949916e-03
0.892455 0.892455 2.427140e+00 2.424513e-02
0.915802 0.915802 1.464911e+00 1.460998e-02
0.916669 0.916669 1.626107e+00 1.626063e-02
0.920548 0.920548 9.359257e-01 9.351232e-03
0.933907 0.933907 4.640942e-01 4.611538e-03
0.911389 0.911389 1.913676e+00 1.906418e-02
0.931919 0.931919 5.508878e-01 5.497826e-03
0.928811 0.928811 7.236182e-01 7.222108e-03
0.932504 0.932504 8.192268e-01 8.184847e-03
0.915353 0.915353 1.815396e+00 1.813271e-02
0.926484 0.926484 8.220086e-01 8.172594e-03
0.930095 0.930095 8.405280e-01 8.380764e-03
0.902129 0.902129 2.305150e+00 2.302262e-02
0.913767 0.913767 1.531582e+00 1.529854e-02
0.903986 0.903986 3.458631e+00 3.455586e-02
0.938613 0.938613 4.436143e-01 4.428508e-03
0.917189 0.917189 9.367312e-01 9.350419e-03
0.948770 0.948770 3.595873e-01 3.558056e-03
0.907925 0.907925 1.829202e+00 1.824274e-02
0.907844 0.907844 2.019240e+00 2.015949e-02
0.922944 0.922944 1.150778e+00 1.145365e-02
0.896164 0.896164 1.994808e+00 1.992705e-02
0.908541 0.908541 1.617970e+00 1.615754e-02
0.896788 0.896788 2.115474e+00 2.115219e-02
0.892503 0.892503 1.714173e+00 1.710238e-02
0.931081 0.931081 6.029284e-01 5.978315e-03
0.887812 0.887812 2.667861e+00 2.666879e-02
0.905820 0.905820 2.080553e+00 2.075567e-02
0.894983 0.894983 2.582881e+00 2.576201e-02
0.926119 0.926119 7.796172e-01 7.773980e-03
0.898053 0.898053 3.342182e+00 3.338290e-02
0.915033 0.915033 1.193368e+00 1.190676e-02
0.919500 0.919500 9.107894e-01 9.089178e-03
0.908691 0.908691 1.327947e+00 1.324387e-02
0.901590 0.901590 1.517516e+00 1.517335e-02
0.883120 0.883120 5.849460e+00 5.842495e-02
0.888855 0.888855 2.896776e+00 2.896231e-02
0.906304 0.906304 2.061765e+00 2.053537e-02
0.900627 0.900627 2.582696e+00 2.573521e-02
0.908224 0.908224 1.378672e+00 1.369057e-02
0.893690 0.893690 3.500074e+00 3.494800e-02
0.883177 0.883177 7.309501e+00 7.298053e-02
0.887209 0.887209 3.613620e+00 3.613244e-02
0.912945 0.912945 1.792857e+00 1.791591e-02
0.887713 0.887713 8.843660e-01 8.830795e-03
0.900620 0.900620 1.523800e+00 1.519201e-02
0.918433 0.918433 5.679389e-01 5.657226e-03
0.929926 0.929926 5.759539e-01 5.729736e-03
0.903132 0.903132 1.744564e+00 1.743632e-02
0.897822 0.897822 1.947699e+00 1.944311e-02
0.909016 0.909016 1.107044e+00 1.103590e-02
0.897267 0.897267 1.025970e+00 1.025156e-02
0.953645 0.953645 2.966943e-01 2.918729e-03
0.908824 0.908824 1.118707e+00 1.117541e-02
0.918296 0.918296 8.424734e-01 8.395838e-03
0.915659 0.915659 7.825915e-01 7.785333e-03
0.915564 0.915564 8.453082e-01 8.417555e-03
0.878246 0.878246 4.331972e+00 4.331039e-02
0.909119 0.909119 1.038047e+00 1.037884e-02
0.927659 0.927659 5.029553e-01 5.003404e-03
0.901243 0.901243 1.816911e+00 1.816404e-02
0.888683 0.888683 3.288559e+00 3.287484e-02
0.893963 0.893963 1.820167e+00 1.813406e-02
0.891715 0.891715 3.105549e+00 3.105033e-02
0.911287 0.911287 8.752824e-01 8.744657e-03
0.903771 0.903771 1.780420e+00 1.778759e-02
0.882829 0.882829 2.888010e+00 2.886506e-02
0.880281 0.880281 2.363827e+00 2.359738e-02
0.911142 0.911142 9.653591e-01 9.617108e-03
0.909497 0.909497 9.513211e-01 9.506062e-03
0.913060 0.913060 1.418463e+00 1.416675e-02
0.887979 0.887979 2.861424e+00 2.861149e-02
0.848671 0.848671 2.385639e+01 2.385429e-01
0.890560 0.890560 4.500599e+00 4.490201e-02
0.881940 0.881940 3.075403e+00 3.070345e-02
0.897380 0.897380 1.852252e+00 1.847532e-02
0.885707 0.885707 1.847444e+00 1.843350e-02
0.882281 0.882281 2.653181e+00 2.646018e-02
0.890817 0.890817 3.090695e+00 3.086922e-02
0.921712 0.921712 7.606504e-01 7.584634e-03
0.900158 0.900158 2.031540e+00 2.029559e-02
0.859410 0.859410 4.616129e+00 4.613576e-02
0.874558 0.874558 1.926593e+00 1.921369e-02
0.893718 0.893718 1.648737e+00 1.644494e-02
0.896881 0.896881 2.147380e+00 2.146792e-02
0.873353 0.873353 2.586891e+00 2.584099e-02
0.865484 0.865484 3.620611e+00 3.620028e-02
0.888547 0.888547 2.482739e+00 2.482246e-02
0.876125 0.876125 5.841470e+00 5.837150e-02
0.873701 0.873701 3.850166e+00 3.850158e-02
0.914754 0.914754 8.144836e-01 8.111152e-03
0.899214 0.899214 1.171043e+00 1.169926e-02
0.892600 0.892600 2.503240e+00 2.501036e-02
0.890366 0.890366 1.994893e+00 1.994111e-02
0.911131 0.911131 7.089781e-01 7.089470e-03
0.863617 0.863617 2.519085e+00 2.515922e-02
0.900122 0.900122 1.103580e+00 1.103483e-02
0.913733 0.913733 6.098618e-01 6.087364e-03
0.917906 0.917906 4.836516e-01 4.822782e-03
0.856856 0.856856 9.961859e+00 9.956411e-02
0.876661 0.876661 5.778989e+00 5.778038e-02
0.926318 0.926318 5.408501e-01 5.379363e-03
0.887760 0.887760 2.310263e+00 2.309157e-02
0.904963 0.904963 6.946153e-01 6.935013e-03
0.881447 0.881447 1.899345e+00 1.897444e-02
0.885338 0.885338 1.505822e+00 1.504054e-02
0.868347 0.868347 7.852031e+00 7.840856e-02
0.890903 0.890903 1.628535e+00 1.626341e-02
0.925045 0.925045 6.328566e-01 6.297456e-03
0.883047 0.883047 5.267655e+00 5.265296e-02
0.879045 0.879045 2.486388e+00 2.480510e-02
0.889764 0.889764 2.428036e+00 2.425566e-02
0.899092 0.899092 1.226615e+00 1.225773e-02
0.856127 0.856127 2.614789e+00 2.613839e-02
0.924859 0.924859 4.086168e-01 4.076945e-03
0.894150 0.894150 1.497026e+00 1.494907e-02
0.881277 0.881277 4.167916e+00 4.166862e-02
0.882822 0.882822 2.398016e+00 2.397744e-02
0.870977 0.870977 2.960565e+00 2.959130e-02
0.846621 0.846621 1.050748e+01 1.050683e-01
0.890122 0.890122 1.221019e+00 1.220112e-02
0.848772 0.848772 7.523685e+00 7.515913e-02
0.847937 0.847937 6.733807e+00 6.733103e-02
0.849944 0.849944 7.084801e+00 7.080653e-02
0.885817 0.885817 1.426731e+00 1.425700e-02
0.827580 0.827580 1.250482e+01 1.249740e-01
0.861811 0.861811 3.278105e+00 3.277271e-02
0.894650 0.894650 9.417033e-01 9.416274e-03
0.874637 0.874637 2.795928e+00 2.791679e-02
0.852387 0.852387 8.933085e+00 8.932450e-02
0.869414 0.869414 4.430671e+00 4.428106e-02
0.853722 0.853722 8.099824e+00 8.090289e-02
0.855385 0.855385 6.060597e+00 6.058845e-02
0.848134 0.848134 1.235128e+01 1.235004e-01
0.880232 0.880232 2.369593e+00 2.364189e-02
0.841810 0.841810 1.129590e+01 1.129227e-01
0.875701 0.875701 2.502530e+00 2.499535e-02
0.875088 0.875088 3.099013e+00 3.095454e-02
0.846741 0.846741 1.243367e+01 1.242625e-01
0.859294 0.859294 4.188125e+00 4.181056e-02
0.881278 0.881278 2.106929e+00 2.106558e-02
0.879732 0.879732 2.387005e+00 2.382491e-02
0.879252 0.879252 1.739813e+00 1.737440e-02
0.900903 0.900903 1.112071e+00 1.108454e-02
0.855649 0.855649 5.001167e+00 4.997459e-02
0.852302 0.852302 3.790226e+00 3.785989e-02
0.859748 0.859748 3.078223e+00 3.072869e-02
0.870767 0.870767 2.473865e+00 2.472419e-02
0.843840 0.843840 1.150510e+01 1.150233e-01
0.848474 0.848474 7.316749e+00 7.304589e-02
0.841474 0.841474 1.912168e+01 1.911679e-01
0.877428 0.877428 4.170822e+00 4.169767e-02
0.894297 0.894297 8.792986e-01 8.765450e-03
0.892797 0.892797 1.671741e+00 1.669758e-02
0.859738 0.859738 4.419489e+00 4.413167e-02
0.933142 0.933142 3.872486e-01 3.858935e-03
0.842850 0.842850 1.123407e+01 1.122734e-01
0.869298 0.869298 1.046148e+00 1.045276e-02
0.847987 0.847987 2.336965e+00 2.335021e-02
0.881554 0.881554 1.980953e+00 1.977790e-02
0.858443 0.858443 6.237731e+00 6.228015e-02
0.918195 0.918195 6.229921e-01 6.218234e-03
0.880936 0.880936 1.968434e+00 1.962134e-02
0.808148 0.808148 3.376522e+01 3.375813e-01
0.836859 0.836859 1.465247e+01 1.465173e-01
0.843455 0.843455 6.391050e+00 6.385136e-02
0.830508 0.830508 1.908159e+01 1.908124e-01
0.772727 0.772727 5.948705e+01 5.947109e-01
0.848335 0.848335 3.100243e+00 3.098427e-02
0.877564 0.877564 1.462716e+00 1.458373e-02
0.855673 0.855673 4.903186e+00 4.895564e-02
0.868944 0.868944 3.099947e+00 3.098077e-02
0.840400 0.840400 7.360745e+00 7.355107e-02
0.880493 0.880493 1.218577e+00 1.217110e-02
0.890357 0.890357 9.909060e-01 9.885440e-03
0.818902 0.818902 2.924425e+01 2.924117e-01
0.892480 0.892480 1.129669e+00 1.128887e-02
0.874102 0.874102 1.934923e+00 1.931447e-02
0.857425 0.857425 3.837927e+00 3.836057e-02
0.845067 0.845067 8.180436e+00 8.177043e-02
0.880308 0.880308 2.040571e+00 2.039651e-02
0.856723 0.856723 7.100361e+00 7.092190e-02
0.844345 0.844345 9.821133e+00 9.815946e-02
0.848996 0.848996 3.684142e+00 3.683690e-02
0.840496 0.840496 3.335970e+00 3.333814e-02
0.818955 0.818955 1.030345e+01 1.029717e-01
0.839883 0.839883 7.108434e+00 7.108044e-02
0.860445 0.860445 6.344441e+00 6.338459e-02
0.847615 0.847615 3.470416e+00 3.468915e-02
0.849212 0.849212 5.754087e+00 5.748754e-02
0.867833 0.867833 1.650616e+00 1.648936e-02
0.888896 0.888896 1.794330e+00 1.792982e-02
0.856164 0.856164 6.798899e+00 6.793299e-02
0.827682 0.827682 1.693451e+01 1.692164e-01
0.855310 0.855310 2.070593e+00 2.066994e-02
0.856073 0.856073 3.310725e+00 3.305462e-02
0.858622 0.858622 5.083329e+00 5.082158e-02
0.876553 0.876553 1.461358e+00 1.460180e-02
0.826817 0.826817 1.401946e+01 1.400973e-01
0.842343 0.842343 6.641882e+00 6.635000e-02
0.833394 0.833394 8.042495e+00 8.037679e-02
0.844317 0.844317 5.010996e+00 5.006400e-02
0.832123 0.832123 7.456937e+00 7.451650e-02
0.832789 0.832789 8.277317e+00 8.271653e-02
0.871249 0.871249 1.910104e+00 1.906837e-02
0.822353 0.822353 1.154458e+01 1.153484e-01
0.844086 0.844086 4.635431e+00 4.632527e-02
0.851593 0.851593 4.328927e+00 4.322515e-02
0.857086 0.857086 4.956210e+00 4.953431e-02
0.801673 0.801673 1.405190e+01 1.404781e-01
0.824400 0.824400 9.945042e+00 9.939743e-02
0.849912 0.849912 7.273981e+00 7.263819e-02
0.814856 0.814856 2.496332e+01 2.495152e-01
0.803290 0.803290 2.697231e+01 2.696799e-01
0.864262 0.864262 1.791498e+00 1.787646e-02
0.843997 0.843997 6.799937e+00 6.797797e-02
0.869203 0.869203 1.533382e+00 1.529859e-02
0.866353 0.866353 2.959641e+00 2.955530e-02
0.809278 0.809278 1.032062e+01 1.031037e-01
0.851695 0.851695 2.663052e+00 2.659042e-02
0.808003 0.808003 3.298801e+01 3.298254e-01
0.858467 0.858467 1.688754e+00 1.688177e-02
0.862365 0.862365 1.778330e+00 1.778288e-02
0.816144 0.816144 1.759641e+01 1.759213e-01
0.783615 0.783615 7.028450e+01 7.028389e-01
0.888593 0.888593 4.443389e-01 4.409183e-03
0.851958 0.851958 4.582120e+00 4.579541e-02
0.862663 0.862663 2.380118e+00 2.379114e-02
0.805756 0.805756 2.786463e+01 2.786199e-01
0.800575 0.800575 2.601259e+01 2.600321e-01
0.846852 0.846852 5.469369e+00 5.465050e-02
0.755791 0.755791 1.180832e+02 1.180626e+00
0.840843 0.840843 3.786659e+00 3.782154e-02
0.832834 0.832834 6.625420e+00 6.623469e-02
0.816755 0.816755 1.506587e+01 1.505679e-01
0.821901 0.821901 1.090068e+01 1.089564e-01
0.857974 0.857974 2.849814e+00 2.848417e-02
0.827534 0.827534 5.496610e+00 5.493749e-02
0.842107 0.842107 4.516460e+00 4.514589e-02
0.879573 0.879573 1.066467e+00 1.064792e-02
0.780880 0.780880 9.655981e+01 9.654435e-01
0.802665 0.802665 1.279843e+01 1.279438e-01
0.781113 0.781113 4.702958e+01 4.702433e-01
0.827074 0.827074 3.258278e+00 3.258050e-02
0.819318 0.819318 1.694853e+01 1.694251e-01
0.801766 0.801766 3.170558e+01 3.170290e-01
0.848073 0.848073 1.400982e+00 1.400392e-02
0.835038 0.835038 4.327259e+00 4.326125e-02
0.787216 0.787216 1.520227e+01 1.519717e-01
0.850492 0.850492 2.909203e+00 2.906949e-02
0.774333 0.774333 5.158996e+01 5.157686e-01
0.849130 0.849130 8.388756e+00 8.378074e-02
0.817335 0.817335 8.700936e+00 8.700319e-02
0.859074 0.859074 3.706723e+00 3.706457e-02
0.808406 0.808406 2.131067e+01 2.130115e-01
0.866093 0.866093 1.638911e+00 1.637159e-02
0.798242 0.798242 1.949474e+01 1.948691e-01
0.809012 0.809012 1.616489e+01 1.616277e-01
0.820477 0.820477 8.183101e+00 8.177710e-02
0.826499 0.826499 1.223722e+01 1.223366e-01
0.823077 0.823077 6.565922e+00 6.565906e-02
0.844416 0.844416 4.671917e+00 4.665849e-02
0.839015 0.839015 4.526993e+00 4.524558e-02
0.817967 0.817967 6.872172e+00 6.871040e-02
0.841250 0.841250 2.489147e+00 2.488254e-02
0.873536 0.873536 1.381659e+00 1.379780e-02
0.903843 0.903843 6.798948e-01 6.785114e-03
0.828184 0.828184 8.642413e+00 8.638832e-02
0.858550 0.858550 4.214789e+00 4.214423e-02
0.880089 0.880089 6.413144e-01 6.399394e-03
0.836885 0.836885 6.898403e+00 6.892365e-02
0.854697 0.854697 2.435101e+00 2.433826e-02
0.813240 0.813240 2.166159e+01 2.165252e-01
0.839488 0.839488 6.227270e+00 6.226672e-02
0.768268 0.768268 4.950663e+01 4.950528e-01
0.815485 0.815485 1.671960e+01 1.671806e-01
0.739745 0.739745 3.815664e+01 3.814800e-01
