0.989702 0.989702 3.294197e-01 3.209173e-03
0.989500 0.989500 3.292436e-01 3.208841e-03
0.989189 0.989189 3.310707e-01 3.222761e-03
0.988924 0.988924 3.349107e-01 3.341105e-03
0.988699 0.988699 3.345814e-01 3.336812e-03
0.988398 0.988398 3.341632e-01 3.337627e-03
0.988097 0.988097 3.367259e-01 3.330474e-03
0.987231 0.987231 3.390512e-01 3.334881e-03
0.987696 0.987696 3.489132e-01 3.469123e-03
0.988022 0.988022 3.334227e-01 3.238436e-03
0.987684 0.987684 3.353139e-01 3.256199e-03
0.986898 0.986898 3.413898e-01 3.356273e-03
0.986483 0.986483 3.522442e-01 3.488607e-03
0.986642 0.986642 3.318276e-01 3.224704e-03
0.986463 0.986463 3.399386e-01 3.340711e-03
0.986222 0.986222 3.345862e-01 3.335663e-03
0.984739 0.984739 3.533134e-01 3.519611e-03
0.985639 0.985639 3.381718e-01 3.323621e-03
0.985800 0.985800 3.339190e-01 3.337295e-03
0.984333 0.984333 3.655176e-01 3.589322e-03
0.984388 0.984388 3.591274e-01 3.550453e-03
0.984535 0.984535 3.387794e-01 3.362638e-03
0.985674 0.985674 3.317977e-01 3.306016e-03
0.982989 0.982989 3.667176e-01 3.550777e-03
0.982381 0.982381 3.623612e-01 3.586629e-03
0.983683 0.983683 3.497218e-01 3.390940e-03
0.983508 0.983508 3.602615e-01 3.582495e-03
0.982465 0.982465 3.568513e-01 3.542007e-03
0.981743 0.981743 3.783661e-01 3.681041e-03
0.984810 0.984810 3.368165e-01 3.365631e-03
0.982143 0.982143 3.606551e-01 3.491519e-03
0.983648 0.983648 3.328604e-01 3.302485e-03
0.980138 0.980138 3.920244e-01 3.781144e-03
0.980215 0.980215 4.048700e-01 3.920609e-03
0.981419 0.981419 3.647970e-01 3.578026e-03
0.983864 0.983864 3.345842e-01 3.244209e-03
0.979768 0.979768 3.718351e-01 3.673657e-03
0.979215 0.979215 3.647586e-01 3.601199e-03
0.980709 0.980709 3.538575e-01 3.526278e-03
0.977475 0.977475 3.866651e-01 3.836845e-03
0.979865 0.979865 3.642485e-01 3.626093e-03
0.979101 0.979101 4.023803e-01 3.931803e-03
0.979719 0.979719 3.583389e-01 3.474933e-03
0.976229 0.976229 3.993413e-01 3.857778e-03
0.977903 0.977903 4.038264e-01 4.010534e-03
0.977487 0.977487 4.279862e-01 4.277071e-03
0.978246 0.978246 3.638272e-01 3.633980e-03
0.976526 0.976526 4.064745e-01 4.050061e-03
0.978222 0.978222 3.486043e-01 3.395202e-03
0.974551 0.974551 4.106044e-01 4.104201e-03
0.976951 0.976951 4.266790e-01 4.232690e-03
0.978730 0.978730 3.735195e-01 3.695500e-03
0.974886 0.974886 4.320915e-01 4.249213e-03
0.975697 0.975697 4.094150e-01 3.974714e-03
0.975063 0.975063 4.081936e-01 3.993101e-03
0.974685 0.974685 4.054295e-01 3.936612e-03
0.974906 0.974906 4.514076e-01 4.322153e-03
0.976539 0.976539 3.595177e-01 3.593126e-03
0.973614 0.973614 3.964096e-01 3.856595e-03
0.975068 0.975068 3.919126e-01 3.910748e-03
0.975142 0.975142 4.027191e-01 3.967048e-03
0.979396 0.979396 3.406708e-01 3.387109e-03
0.973282 0.973282 4.773856e-01 4.749635e-03
0.969693 0.969693 4.496503e-01 4.343399e-03
0.970485 0.970485 4.624223e-01 4.557817e-03
0.974005 0.974005 3.904038e-01 3.903972e-03
0.969538 0.969538 4.559410e-01 4.343498e-03
0.971650 0.971650 4.719822e-01 4.526896e-03
0.971057 0.971057 4.217437e-01 4.113873e-03
0.970773 0.970773 4.482056e-01 4.309314e-03
0.971574 0.971574 4.424058e-01 4.307791e-03
0.971045 0.971045 4.912340e-01 4.781272e-03
0.970403 0.970403 5.027680e-01 5.004628e-03
0.972975 0.972975 3.845345e-01 3.789737e-03
0.969349 0.969349 3.763039e-01 3.732122e-03
0.969756 0.969756 4.146776e-01 4.023877e-03
0.967366 0.967366 4.291726e-01 4.289128e-03
0.967170 0.967170 4.525419e-01 4.507468e-03
0.966907 0.966907 4.293588e-01 4.134017e-03
0.967670 0.967670 4.388592e-01 4.356404e-03
0.965696 0.965696 4.161119e-01 4.133534e-03
0.968284 0.968284 4.313292e-01 4.196049e-03
0.969741 0.969741 3.999290e-01 3.879663e-03
0.966911 0.966911 4.706194e-01 4.566718e-03
0.967682 0.967682 5.724292e-01 5.671265e-03
0.968576 0.968576 4.839093e-01 4.674202e-03
0.965954 0.965954 4.525842e-01 4.456113e-03
0.967059 0.967059 4.371927e-01 4.230288e-03
0.964596 0.964596 5.024859e-01 4.889076e-03
0.965786 0.965786 5.070982e-01 5.024666e-03
0.965569 0.965569 4.282331e-01 4.243242e-03
0.968469 0.968469 4.107310e-01 4.055297e-03
0.963776 0.963776 5.103109e-01 5.065187e-03
0.965591 0.965591 4.186255e-01 4.090244e-03
0.963260 0.963260 5.143149e-01 4.982891e-03
0.958636 0.958636 6.095536e-01 6.017128e-03
0.957715 0.957715 5.350441e-01 5.204243e-03
0.961522 0.961522 6.115978e-01 6.054727e-03
0.963628 0.963628 5.308067e-01 5.192686e-03
0.965527 0.965527 4.540168e-01 4.454777e-03
0.959056 0.959056 5.820418e-01 5.678119e-03
0.963804 0.963804 4.446027e-01 4.429124e-03
0.964034 0.964034 5.411210e-01 5.302802e-03
0.959599 0.959599 4.810684e-01 4.652718e-03
0.962108 0.962108 4.459166e-01 4.369977e-03
0.969459 0.969459 3.606306e-01 3.577063e-03
0.960861 0.960861 5.622219e-01 5.483702e-03
0.966274 0.966274 3.929281e-01 3.895173e-03
0.959111 0.959111 7.024254e-01 6.823015e-03
0.973411 0.973411 3.377141e-01 3.345107e-03
0.958189 0.958189 4.861216e-01 4.803596e-03
0.959693 0.959693 6.536721e-01 6.410886e-03
0.960353 0.960353 5.280977e-01 5.146199e-03
0.958014 0.958014 4.824300e-01 4.743364e-03
0.959256 0.959256 6.048859e-01 6.038398e-03
0.961031 0.961031 4.293120e-01 4.287527e-03
0.956881 0.956881 5.576627e-01 5.373712e-03
0.952870 0.952870 6.482317e-01 6.305344e-03
0.951162 0.951162 5.739169e-01 5.658535e-03
0.957890 0.957890 4.593958e-01 4.499582e-03
0.955366 0.955366 6.581731e-01 6.418206e-03
0.961053 0.961053 4.297580e-01 4.205082e-03
0.956190 0.956190 6.826367e-01 6.632807e-03
0.955744 0.955744 6.107052e-01 6.048115e-03
0.961077 0.961077 4.235843e-01 4.182134e-03
0.953424 0.953424 4.826544e-01 4.759548e-03
0.952123 0.952123 6.676750e-01 6.575542e-03
0.954386 0.954386 5.988575e-01 5.922152e-03
0.948912 0.948912 7.651585e-01 7.542794e-03
0.956694 0.956694 4.857357e-01 4.775803e-03
0.958990 0.958990 5.049077e-01 5.014191e-03
0.957206 0.957206 4.736651e-01 4.697455e-03
0.956673 0.956673 4.636055e-01 4.472690e-03
0.954274 0.954274 8.015184e-01 7.887083e-03
0.953895 0.953895 6.023584e-01 5.818914e-03
0.950668 0.950668 5.872973e-01 5.802237e-03
0.954665 0.954665 5.238471e-01 5.064190e-03
0.954566 0.954566 4.951010e-01 4.772525e-03
0.953549 0.953549 5.682788e-01 5.492730e-03
0.956076 0.956076 4.356763e-01 4.304838e-03
0.946153 0.946153 8.187767e-01 8.169256e-03
0.949190 0.949190 6.975078e-01 6.915079e-03
0.949858 0.949858 5.494176e-01 5.475608e-03
0.948070 0.948070 6.260910e-01 6.259832e-03
0.947822 0.947822 6.114826e-01 6.064316e-03
0.938987 0.938987 8.752023e-01 8.598661e-03
0.950979 0.950979 4.732648e-01 4.589273e-03
0.953713 0.953713 5.522730e-01 5.423772e-03
0.948243 0.948243 5.703637e-01 5.608894e-03
0.948754 0.948754 6.642620e-01 6.630930e-03
0.947733 0.947733 6.589327e-01 6.480747e-03
0.956139 0.956139 4.700292e-01 4.687847e-03
0.948370 0.948370 6.125935e-01 5.967998e-03
0.948620 0.948620 6.890971e-01 6.789581e-03
0.950924 0.950924 4.855946e-01 4.773089e-03
0.939973 0.939973 6.941178e-01 6.920022e-03
0.942246 0.942246 8.219510e-01 8.117980e-03
0.939987 0.939987 7.274715e-01 7.154399e-03
0.949849 0.949849 5.337078e-01 5.188553e-03
0.937822 0.937822 7.798005e-01 7.640776e-03
0.948378 0.948378 7.158739e-01 7.030304e-03
0.941443 0.941443 1.064655e+00 1.063234e-02
0.945444 0.945444 6.063359e-01 5.885196e-03
0.957374 0.957374 4.196491e-01 4.129142e-03
0.940988 0.940988 8.658851e-01 8.647010e-03
0.957260 0.957260 4.088589e-01 4.015178e-03
0.957018 0.957018 4.278066e-01 4.237209e-03
0.949188 0.949188 6.274146e-01 6.170293e-03
0.942428 0.942428 7.694571e-01 7.655736e-03
0.938903 0.938903 1.070241e+00 1.057610e-02
0.943022 0.943022 7.002553e-01 6.967284e-03
0.939134 0.939134 7.618019e-01 7.471598e-03
0.939054 0.939054 7.622341e-01 7.398091e-03
0.938382 0.938382 7.413989e-01 7.410067e-03
0.941081 0.941081 7.433149e-01 7.427508e-03
0.949280 0.949280 5.772485e-01 5.719899e-03
0.944366 0.944366 5.570172e-01 5.460877e-03
0.938344 0.938344 9.265374e-01 9.254223e-03
0.943753 0.943753 6.038193e-01 6.026590e-03
0.942879 0.942879 5.728098e-01 5.587814e-03
0.930125 0.930125 7.309857e-01 7.296933e-03
0.941983 0.941983 5.581073e-01 5.430638e-03
0.935055 0.935055 7.931845e-01 7.748288e-03
0.928610 0.928610 9.498578e-01 9.360053e-03
0.943691 0.943691 5.834816e-01 5.788835e-03
0.931343 0.931343 7.767328e-01 7.734678e-03
0.949814 0.949814 5.226715e-01 5.164772e-03
0.948441 0.948441 4.514561e-01 4.486468e-03
0.936434 0.936434 9.747339e-01 9.705186e-03
0.924741 0.924741 7.694287e-01 7.685720e-03
0.947193 0.947193 4.383780e-01 4.306603e-03
0.935727 0.935727 6.245593e-01 6.241341e-03
0.945328 0.945328 5.174420e-01 5.120609e-03
0.929410 0.929410 1.128689e+00 1.121711e-02
0.945921 0.945921 4.814096e-01 4.781919e-03
0.942821 0.942821 6.316531e-01 6.289981e-03
0.933686 0.933686 1.066696e+00 1.065169e-02
0.931483 0.931483 7.409286e-01 7.384704e-03
0.931798 0.931798 9.218482e-01 9.160085e-03
0.942930 0.942930 4.528306e-01 4.508953e-03
0.933421 0.933421 8.794521e-01 8.750872e-03
0.942023 0.942023 6.940837e-01 6.923202e-03
0.932584 0.932584 7.231692e-01 7.145690e-03
0.930377 0.930377 9.637073e-01 9.501882e-03
0.942255 0.942255 4.704205e-01 4.619710e-03
0.936637 0.936637 6.166097e-01 6.047608e-03
0.937451 0.937451 6.325999e-01 6.188252e-03
0.933941 0.933941 8.115827e-01 8.107109e-03
0.930596 0.930596 7.098840e-01 6.979455e-03
0.944048 0.944048 5.026888e-01 4.987504e-03
0.936364 0.936364 5.735797e-01 5.695321e-03
0.926844 0.926844 8.213689e-01 7.969881e-03
0.923603 0.923603 1.157782e+00 1.155357e-02
0.921188 0.921188 1.334074e+00 1.324363e-02
0.924873 0.924873 8.193561e-01 8.087653e-03
0.928130 0.928130 6.772514e-01 6.712542e-03
0.935714 0.935714 6.343326e-01 6.286487e-03
0.930187 0.930187 1.161558e+00 1.148703e-02
0.946704 0.946704 4.248639e-01 4.176225e-03
0.934182 0.934182 6.805618e-01 6.774473e-03
0.961854 0.961854 3.765631e-01 3.705236e-03
0.926575 0.926575 7.036251e-01 7.032711e-03
0.923621 0.923621 1.078539e+00 1.076297e-02
0.931489 0.931489 1.128154e+00 1.125109e-02
0.940616 0.940616 5.498414e-01 5.495106e-03
0.908024 0.908024 1.653830e+00 1.642688e-02
0.931804 0.931804 7.351633e-01 7.291745e-03
0.927377 0.927377 6.448875e-01 6.383867e-03
0.920734 0.920734 1.548725e+00 1.536536e-02
0.912829 0.912829 1.761880e+00 1.752894e-02
0.924950 0.924950 1.008818e+00 1.007331e-02
0.937600 0.937600 5.329993e-01 5.320321e-03
0.933466 0.933466 6.258906e-01 6.215960e-03
0.922900 0.922900 9.816142e-01 9.800851e-03
0.938365 0.938365 4.396879e-01 4.336433e-03
0.939337 0.939337 5.060980e-01 5.012602e-03
0.928012 0.928012 6.116144e-01 6.025796e-03
0.939122 0.939122 6.215237e-01 6.176150e-03
0.920895 0.920895 1.083800e+00 1.078965e-02
0.924041 0.924041 8.609011e-01 8.499486e-03
0.918940 0.918940 9.356806e-01 9.348678e-03
0.910690 0.910690 1.037595e+00 1.033467e-02
0.906663 0.906663 1.722289e+00 1.720325e-02
0.918471 0.918471 1.016470e+00 1.011828e-02
0.914652 0.914652 7.566592e-01 7.465207e-03
0.921335 0.921335 1.013772e+00 9.965971e-03
0.915170 0.915170 7.653265e-01 7.612217e-03
0.934331 0.934331 5.905220e-01 5.838155e-03
0.914390 0.914390 1.002205e+00 1.001411e-02
0.915900 0.915900 1.195602e+00 1.192286e-02
0.907328 0.907328 1.998045e+00 1.991293e-02
0.923346 0.923346 1.003509e+00 9.992403e-03
0.912107 0.912107 1.281725e+00 1.269624e-02
0.902878 0.902878 1.427834e+00 1.425808e-02
0.906291 0.906291 1.574435e+00 1.573822e-02
0.940348 0.940348 4.050287e-01 4.010484e-03
0.924877 0.924877 8.682413e-01 8.639946e-03
0.914857 0.914857 9.008972e-01 8.906539e-03
0.917101 0.917101 1.275773e+00 1.269358e-02
0.908650 0.908650 1.026562e+00 1.026217e-02
0.915790 0.915790 1.306691e+00 1.302501e-02
0.922341 0.922341 8.830368e-01 8.774688e-03
0.933935 0.933935 4.656436e-01 4.645593e-03
0.906666 0.906666 1.718204e+00 1.713539e-02
0.921402 0.921402 7.787978e-01 7.722170e-03
0.923928 0.923928 7.419968e-01 7.413952e-03
0.894601 0.894601 2.139787e+00 2.136805e-02
0.911101 0.911101 1.636827e+00 1.631382e-02
0.914244 0.914244 8.031182e-01 7.945733e-03
0.903908 0.903908 2.054789e+00 2.048446e-02
0.924043 0.924043 6.920026e-01 6.868398e-03
0.914539 0.914539 1.279084e+00 1.277426e-02
0.897689 0.897689 1.556768e+00 1.555678e-02
0.908328 0.908328 1.792763e+00 1.789449e-02
0.914442 0.914442 1.038155e+00 1.032639e-02
0.914739 0.914739 8.295422e-01 8.278782e-03
0.905683 0.905683 1.767769e+00 1.755924e-02
0.903850 0.903850 1.963164e+00 1.959505e-02
0.931480 0.931480 4.603716e-01 4.574607e-03
0.917458 0.917458 9.659485e-01 9.572629e-03
0.922983 0.922983 8.082343e-01 7.990019e-03
0.917012 0.917012 8.959958e-01 8.894210e-03
0.907280 0.907280 1.374900e+00 1.372671e-02
0.903307 0.903307 1.022297e+00 1.011478e-02
0.915919 0.915919 8.643107e-01 8.506916e-03
0.898131 0.898131 1.559123e+00 1.556099e-02
0.926808 0.926808 6.030602e-01 5.969766e-03
0.908011 0.908011 1.490509e+00 1.478939e-02
0.912012 0.912012 1.504187e+00 1.492684e-02
0.905906 0.905906 1.109826e+00 1.101163e-02
0.909848 0.909848 8.777728e-01 8.728107e-03
0.888637 0.888637 1.400532e+00 1.400293e-02
0.917326 0.917326 7.066454e-01 7.052366e-03
0.907669 0.907669 1.028105e+00 1.018818e-02
0.910248 0.910248 9.038935e-01 8.995148e-03
0.893041 0.893041 1.709840e+00 1.708225e-02
0.894318 0.894318 1.867602e+00 1.861507e-02
0.906713 0.906713 1.736292e+00 1.729267e-02
0.908090 0.908090 1.067464e+00 1.059862e-02
0.905691 0.905691 1.526900e+00 1.516058e-02
0.908235 0.908235 9.762256e-01 9.694100e-03
0.907332 0.907332 1.188522e+00 1.186621e-02
0.902756 0.902756 8.911964e-01 8.847922e-03
0.913619 0.913619 1.078094e+00 1.075392e-02
0.909527 0.909527 6.237867e-01 6.205754e-03
0.916673 0.916673 7.554811e-01 7.551181e-03
0.912196 0.912196 7.741124e-01 7.665529e-03
0.897696 0.897696 1.797666e+00 1.793058e-02
0.903290 0.903290 8.954872e-01 8.915130e-03
0.916520 0.916520 6.184999e-01 6.160163e-03
0.887546 0.887546 2.390707e+00 2.371581e-02
0.907339 0.907339 9.471931e-01 9.427745e-03
0.908546 0.908546 1.181101e+00 1.174019e-02
0.886371 0.886371 9.617128e-01 9.609307e-03
0.886831 0.886831 2.147742e+00 2.145056e-02
0.897820 0.897820 1.102009e+00 1.094741e-02
0.876868 0.876868 1.382431e+00 1.382301e-02
0.910534 0.910534 1.407939e+00 1.407666e-02
0.906451 0.906451 1.047200e+00 1.040159e-02
0.885219 0.885219 1.401527e+00 1.398299e-02
0.868185 0.868185 2.761448e+00 2.752849e-02
0.901593 0.901593 9.120457e-01 9.080560e-03
0.881142 0.881142 1.938283e+00 1.924857e-02
0.912963 0.912963 6.308567e-01 6.232945e-03
0.890406 0.890406 1.459237e+00 1.455670e-02
0.879943 0.879943 2.103147e+00 2.100361e-02
0.874581 0.874581 2.154072e+00 2.150358e-02
0.903647 0.903647 1.234882e+00 1.231589e-02
0.900857 0.900857 1.454843e+00 1.451439e-02
0.917838 0.917838 3.829831e-01 3.795166e-03
0.886695 0.886695 1.577793e+00 1.575149e-02
0.887429 0.887429 1.707867e+00 1.696412e-02
0.896474 0.896474 1.563398e+00 1.554887e-02
0.876220 0.876220 1.857065e+00 1.849329e-02
0.861516 0.861516 3.034292e+00 3.023563e-02
0.879291 0.879291 1.565380e+00 1.565086e-02
0.865504 0.865504 1.498716e+00 1.490850e-02
0.876889 0.876889 2.704574e+00 2.702607e-02
0.889802 0.889802 1.140176e+00 1.140068e-02
0.858445 0.858445 3.251095e+00 3.241124e-02
0.933462 0.933462 4.759506e-01 4.655249e-03
0.909084 0.909084 7.587442e-01 7.526630e-03
0.902297 0.902297 8.027036e-01 7.971252e-03
0.835530 0.835530 3.464894e+00 3.462766e-02
0.877616 0.877616 1.947095e+00 1.944261e-02
0.880975 0.880975 2.204557e+00 2.199668e-02
0.872795 0.872795 2.245102e+00 2.244144e-02
0.890760 0.890760 1.464444e+00 1.457098e-02
0.925353 0.925353 5.146164e-01 5.105290e-03
0.875728 0.875728 2.988670e+00 2.981416e-02
0.886014 0.886014 1.264860e+00 1.257116e-02
0.883545 0.883545 1.487585e+00 1.478338e-02
0.920520 0.920520 6.079150e-01 6.052641e-03
0.881027 0.881027 1.041653e+00 1.037549e-02
0.902924 0.902924 8.170829e-01 8.150468e-03
0.922007 0.922007 5.793140e-01 5.758982e-03
0.906625 0.906625 9.370727e-01 9.366524e-03
0.887689 0.887689 1.457020e+00 1.454314e-02
0.871595 0.871595 1.877761e+00 1.875224e-02
0.895953 0.895953 1.231827e+00 1.224275e-02
0.888287 0.888287 1.042549e+00 1.039337e-02
0.877800 0.877800 1.491469e+00 1.484338e-02
0.889162 0.889162 1.408211e+00 1.402010e-02
0.892018 0.892018 9.185598e-01 9.120565e-03
0.882626 0.882626 2.142709e+00 2.140726e-02
0.825506 0.825506 5.145555e+00 5.140042e-02
0.882008 0.882008 1.342693e+00 1.340478e-02
0.884010 0.884010 1.111408e+00 1.099609e-02
0.874374 0.874374 1.838553e+00 1.833155e-02
0.889218 0.889218 1.247363e+00 1.239238e-02
0.923415 0.923415 4.589624e-01 4.529097e-03
0.878528 0.878528 1.588195e+00 1.579687e-02
0.898653 0.898653 7.883390e-01 7.819383e-03
0.896041 0.896041 1.348236e+00 1.345021e-02
0.902544 0.902544 7.324092e-01 7.322629e-03
0.890726 0.890726 1.014086e+00 1.001288e-02
0.870244 0.870244 1.473723e+00 1.472042e-02
0.895555 0.895555 8.650022e-01 8.637422e-03
0.881601 0.881601 1.121796e+00 1.117255e-02
0.871114 0.871114 2.141329e+00 2.141083e-02
0.852740 0.852740 1.684675e+00 1.683495e-02
0.891935 0.891935 1.114790e+00 1.105760e-02
0.852676 0.852676 2.874140e+00 2.872506e-02
0.912372 0.912372 5.130627e-01 5.082021e-03
0.891317 0.891317 8.869205e-01 8.864329e-03
0.849885 0.849885 2.482313e+00 2.480495e-02
0.888038 0.888038 7.759660e-01 7.737858e-03
0.893615 0.893615 6.673008e-01 6.638472e-03
0.895879 0.895879 7.552530e-01 7.521195e-03
0.888914 0.888914 1.017403e+00 1.012500e-02
0.838530 0.838530 3.233096e+00 3.232613e-02
0.893277 0.893277 8.722059e-01 8.677340e-03
0.854034 0.854034 2.783719e+00 2.779533e-02
0.874713 0.874713 1.434234e+00 1.433763e-02
0.854710 0.854710 2.227527e+00 2.225968e-02
0.852440 0.852440 3.660813e+00 3.651021e-02
0.869771 0.869771 1.333257e+00 1.330295e-02
0.873884 0.873884 1.897259e+00 1.895504e-02
0.864708 0.864708 2.276473e+00 2.274672e-02
0.875101 0.875101 7.207137e-01 7.176459e-03
0.914151 0.914151 6.490166e-01 6.448925e-03
0.872338 0.872338 1.695385e+00 1.689722e-02
0.854579 0.854579 2.915255e+00 2.915003e-02
0.840943 0.840943 4.721892e+00 4.713100e-02
0.833441 0.833441 4.636687e+00 4.630340e-02
0.895500 0.895500 8.293787e-01 8.293330e-03
0.842618 0.842618 2.710257e+00 2.709620e-02
0.879692 0.879692 1.057292e+00 1.053993e-02
0.887840 0.887840 7.955723e-01 7.904415e-03
0.867739 0.867739 1.645431e+00 1.637876e-02
0.865424 0.865424 1.789944e+00 1.784750e-02
0.893973 0.893973 8.864360e-01 8.840524e-03
0.851363 0.851363 3.072052e+00 3.071457e-02
0.846253 0.846253 2.392365e+00 2.389669e-02
0.854327 0.854327 2.971175e+00 2.970532e-02
0.847099 0.847099 2.344749e+00 2.341196e-02
0.834883 0.834883 5.714446e+00 5.709965e-02
0.879510 0.879510 1.268538e+00 1.265864e-02
0.852549 0.852549 3.166352e+00 3.164660e-02
0.861898 0.861898 1.865711e+00 1.858466e-02
0.858266 0.858266 2.499893e+00 2.498048e-02
0.856145 0.856145 2.223848e+00 2.218556e-02
0.874235 0.874235 1.423169e+00 1.415658e-02
0.846921 0.846921 2.627226e+00 2.625752e-02
0.865558 0.865558 2.149644e+00 2.140128e-02
0.859377 0.859377 1.650160e+00 1.644647e-02
0.855566 0.855566 1.245040e+00 1.244216e-02
0.866152 0.866152 2.463361e+00 2.463230e-02
0.884965 0.884965 1.132123e+00 1.129929e-02
0.853797 0.853797 2.980290e+00 2.979802e-02
0.834140 0.834140 2.825242e+00 2.823072e-02
0.890584 0.890584 6.162957e-01 6.127750e-03
0.864493 0.864493 1.231311e+00 1.227996e-02
0.785760 0.785760 5.847837e+00 5.844007e-02
0.858751 0.858751 2.042781e+00 2.041369e-02
0.806673 0.806673 7.982305e+00 7.969583e-02
0.838124 0.838124 1.366390e+00 1.364709e-02
0.838253 0.838253 3.720156e+00 3.718879e-02
0.835638 0.835638 1.772718e+00 1.769832e-02
0.841442 0.841442 3.716308e+00 3.714785e-02
0.865013 0.865013 1.184758e+00 1.180404e-02
0.822016 0.822016 3.404673e+00 3.399249e-02
0.830346 0.830346 2.904712e+00 2.904024e-02
0.835792 0.835792 4.716796e+00 4.711978e-02
0.868073 0.868073 1.372302e+00 1.369199e-02
0.853269 0.853269 2.056987e+00 2.055553e-02
0.856605 0.856605 1.160819e+00 1.160465e-02
0.792175 0.792175 7.811273e+00 7.807592e-02
0.824184 0.824184 5.459537e+00 5.452429e-02
0.843820 0.843820 2.472541e+00 2.466422e-02
0.857183 0.857183 3.266807e+00 3.259470e-02
0.854641 0.854641 1.398726e+00 1.388206e-02
0.792325 0.792325 6.550504e+00 6.545679e-02
0.861190 0.861190 1.582395e+00 1.575806e-02
0.874069 0.874069 1.150757e+00 1.145893e-02
0.814011 0.814011 5.614081e+00 5.604693e-02
0.831317 0.831317 2.582361e+00 2.578900e-02
0.870648 0.870648 1.616975e+00 1.610082e-02
0.829773 0.829773 4.477634e+00 4.466604e-02
0.860880 0.860880 1.613999e+00 1.610865e-02
0.806585 0.806585 4.169606e+00 4.167885e-02
0.860555 0.860555 1.408753e+00 1.403572e-02
0.838031 0.838031 2.110179e+00 2.108936e-02
0.825665 0.825665 3.528981e+00 3.527353e-02
0.913691 0.913691 5.515460e-01 5.462418e-03
0.872036 0.872036 1.408438e+00 1.407436e-02
0.866578 0.866578 1.609859e+00 1.609817e-02
0.845045 0.845045 1.494245e+00 1.492543e-02
0.892224 0.892224 6.571920e-01 6.552533e-03
0.797064 0.797064 7.396400e+00 7.393890e-02
0.839299 0.839299 3.213007e+00 3.210992e-02
0.842324 0.842324 3.778149e+00 3.776061e-02
0.791326 0.791326 6.341537e+00 6.328187e-02
0.817096 0.817096 5.740938e+00 5.730576e-02
0.860457 0.860457 1.462490e+00 1.461009e-02
0.810274 0.810274 7.516439e+00 7.504641e-02
0.894106 0.894106 4.205571e-01 4.199131e-03
0.784706 0.784706 6.455444e+00 6.452187e-02
0.889230 0.889230 6.028890e-01 6.022041e-03
0.928234 0.928234 3.967871e-01 3.941174e-03
0.783195 0.783195 1.031561e+01 1.030871e-01
0.832843 0.832843 1.690052e+00 1.689729e-02
0.862445 0.862445 1.414795e+00 1.406678e-02
0.806031 0.806031 8.269922e+00 8.264593e-02
0.860829 0.860829 2.278982e+00 2.278251e-02
0.857267 0.857267 1.853370e+00 1.851549e-02
0.850276 0.850276 2.445597e+00 2.444359e-02
0.815274 0.815274 6.335775e+00 6.322809e-02
0.862574 0.862574 2.347000e+00 2.346209e-02
0.824632 0.824632 3.727500e+00 3.727260e-02
0.763528 0.763528 8.060050e+00 8.055558e-02
0.810314 0.810314 4.822637e+00 4.813952e-02
0.824953 0.824953 1.970710e+00 1.970358e-02
0.767202 0.767202 1.401685e+01 1.401273e-01
0.884669 0.884669 9.926919e-01 9.917987e-03
0.814219 0.814219 2.276283e+00 2.274352e-02
0.864908 0.864908 1.588775e+00 1.588134e-02
0.810941 0.810941 2.461719e+00 2.461382e-02
0.858263 0.858263 9.627162e-01 9.604817e-03
0.833947 0.833947 2.911322e+00 2.904668e-02
