0.858931 0.858931 6.065268e+00 6.063063e-02
0.853069 0.853069 4.758458e+00 4.754982e-02
0.866550 0.866550 1.092465e+01 1.091453e-01
0.876036 0.876036 3.142603e+00 3.139772e-02
0.876672 0.876672 2.826028e+00 2.823878e-02
0.874844 0.874844 4.396609e+00 4.389317e-02
0.879815 0.879815 2.581964e+00 2.580675e-02
0.875224 0.875224 2.400600e+00 2.396300e-02
0.858080 0.858080 3.588910e+00 3.587966e-02
0.871337 0.871337 2.918642e+00 2.916421e-02
0.886911 0.886911 2.454805e+00 2.451551e-02
0.928918 0.928918 3.804998e-01 3.778992e-03
0.916492 0.916492 4.830943e-01 4.826900e-03
0.832110 0.832110 1.911869e+01 1.910844e-01
0.853156 0.853156 7.370598e+00 7.368040e-02
0.872564 0.872564 5.572938e+00 5.562663e-02
0.874999 0.874999 6.773469e+00 6.764698e-02
0.850681 0.850681 1.005605e+01 1.004849e-01
0.855831 0.855831 4.030057e+00 4.028639e-02
0.872532 0.872532 3.271336e+00 3.264476e-02
0.860275 0.860275 7.742726e+00 7.739642e-02
0.867503 0.867503 3.805099e+00 3.802038e-02
0.879058 0.879058 3.577118e+00 3.574327e-02
0.852923 0.852923 9.541272e+00 9.539536e-02
0.805864 0.805864 4.091075e+01 4.089709e-01
0.876491 0.876491 2.760805e+00 2.757316e-02
0.901552 0.901552 1.158952e+00 1.153375e-02
0.897623 0.897623 1.466168e+00 1.464544e-02
0.850255 0.850255 6.383293e+00 6.376285e-02
0.863700 0.863700 4.103426e+00 4.095605e-02
0.863754 0.863754 5.013557e+00 5.009459e-02
0.871437 0.871437 4.624085e+00 4.623743e-02
0.843078 0.843078 1.268057e+01 1.267679e-01
0.911449 0.911449 5.404000e-01 5.376201e-03
0.867016 0.867016 4.883037e+00 4.877312e-02
0.863629 0.863629 5.521766e+00 5.521122e-02
0.880183 0.880183 2.226861e+00 2.222869e-02
0.866257 0.866257 3.756718e+00 3.756014e-02
0.895705 0.895705 1.153844e+00 1.153635e-02
0.879775 0.879775 1.280253e+00 1.278814e-02
0.899008 0.899008 1.256036e+00 1.253648e-02
0.888240 0.888240 1.337795e+00 1.335072e-02
0.894529 0.894529 1.428090e+00 1.425449e-02
0.858630 0.858630 3.262810e+00 3.259699e-02
0.849655 0.849655 9.334134e+00 9.330940e-02
0.863628 0.863628 3.954115e+00 3.951825e-02
0.877950 0.877950 2.426675e+00 2.422735e-02
0.884625 0.884625 1.609601e+00 1.608451e-02
0.863481 0.863481 8.356429e+00 8.355458e-02
0.873366 0.873366 4.552935e+00 4.552651e-02
0.870224 0.870224 2.046105e+00 2.042161e-02
0.886733 0.886733 1.764333e+00 1.761180e-02
0.833844 0.833844 1.152357e+01 1.152098e-01
0.848932 0.848932 5.147916e+00 5.147040e-02
0.926020 0.926020 5.715628e-01 5.708859e-03
0.853664 0.853664 1.305153e+01 1.303830e-01
0.912243 0.912243 7.245413e-01 7.205508e-03
0.860147 0.860147 5.453495e+00 5.453417e-02
0.842831 0.842831 1.556001e+01 1.555213e-01
0.893098 0.893098 1.019696e+00 1.016187e-02
0.919804 0.919804 5.005088e-01 4.985810e-03
0.864884 0.864884 5.706858e+00 5.700924e-02
0.886312 0.886312 1.718578e+00 1.716276e-02
0.865544 0.865544 7.027201e+00 7.025928e-02
0.893412 0.893412 1.709554e+00 1.708764e-02
0.867487 0.867487 7.147901e+00 7.145537e-02
0.904381 0.904381 6.543371e-01 6.510971e-03
0.876997 0.876997 2.968179e+00 2.966919e-02
0.857553 0.857553 8.979356e+00 8.976033e-02
0.934904 0.934904 3.307671e-01 3.306563e-03
0.874968 0.874968 4.592886e+00 4.589524e-02
0.834158 0.834158 1.800057e+01 1.799302e-01
0.861926 0.861926 7.624004e+00 7.623197e-02
0.856753 0.856753 7.130394e+00 7.129005e-02
0.874444 0.874444 3.348949e+00 3.348165e-02
0.869063 0.869063 7.721778e+00 7.716899e-02
0.883843 0.883843 1.525438e+00 1.523773e-02
0.867862 0.867862 2.258663e+00 2.254302e-02
0.884596 0.884596 1.239253e+00 1.236705e-02
0.861129 0.861129 8.593325e+00 8.588212e-02
0.874992 0.874992 3.391329e+00 3.388496e-02
0.857324 0.857324 1.743866e+00 1.740874e-02
0.917007 0.917007 5.793207e-01 5.771060e-03
0.836450 0.836450 1.139725e+01 1.139185e-01
0.869094 0.869094 2.483065e+00 2.479899e-02
0.876620 0.876620 3.983830e+00 3.975877e-02
0.807297 0.807297 4.968178e+01 4.965766e-01
0.845407 0.845407 4.130685e+00 4.129728e-02
0.869383 0.869383 3.682974e+00 3.680827e-02
0.890187 0.890187 1.761594e+00 1.759770e-02
0.862601 0.862601 4.242592e+00 4.240623e-02
0.890519 0.890519 1.986944e+00 1.984215e-02
0.883440 0.883440 2.118215e+00 2.114011e-02
0.861483 0.861483 6.829141e+00 6.820457e-02
0.886030 0.886030 2.425339e+00 2.421302e-02
0.866658 0.866658 4.156256e+00 4.152422e-02
0.841967 0.841967 1.914456e+01 1.913685e-01
0.860912 0.860912 6.044854e+00 6.037802e-02
0.876146 0.876146 3.089097e+00 3.084992e-02
0.884258 0.884258 1.281138e+00 1.280151e-02
0.854123 0.854123 6.606828e+00 6.598060e-02
0.862050 0.862050 6.170614e+00 6.169556e-02
0.873089 0.873089 3.692938e+00 3.688688e-02
0.860237 0.860237 3.794053e+00 3.792707e-02
0.889610 0.889610 2.242358e+00 2.241040e-02
0.884550 0.884550 1.671521e+00 1.669915e-02
0.853259 0.853259 1.102346e+01 1.102120e-01
0.889984 0.889984 1.818854e+00 1.814733e-02
0.852254 0.852254 2.123740e+00 2.123272e-02
0.843244 0.843244 8.368916e+00 8.358575e-02
0.900918 0.900918 7.782792e-01 7.765608e-03
0.865285 0.865285 6.166749e+00 6.164405e-02
0.866264 0.866264 6.197405e+00 6.196727e-02
0.911623 0.911623 5.183867e-01 5.161863e-03
0.895936 0.895936 8.325069e-01 8.311158e-03
0.816360 0.816360 1.186165e+01 1.185794e-01
0.866753 0.866753 3.853376e+00 3.848587e-02
0.839538 0.839538 1.308250e+01 1.307585e-01
0.848717 0.848717 8.104872e+00 8.096079e-02
0.880546 0.880546 1.460254e+00 1.457903e-02
0.895886 0.895886 9.135016e-01 9.120340e-03
0.897923 0.897923 8.908977e-01 8.865797e-03
0.855050 0.855050 6.032512e+00 6.026047e-02
0.893789 0.893789 2.191341e+00 2.183324e-02
0.884469 0.884469 2.195702e+00 2.194349e-02
0.895096 0.895096 1.557862e+00 1.556754e-02
0.850568 0.850568 2.381369e+00 2.380480e-02
0.838872 0.838872 2.986493e+01 2.984831e-01
0.872119 0.872119 2.585318e+00 2.584693e-02
0.850547 0.850547 8.129060e+00 8.127722e-02
0.996964 0.996964 2.037852e-01 2.011591e-03
0.854919 0.854919 5.213602e+00 5.205781e-02
0.884329 0.884329 3.704334e+00 3.704165e-02
0.902264 0.902264 1.263057e+00 1.261669e-02
0.885132 0.885132 1.956312e+00 1.955067e-02
0.855493 0.855493 1.116482e+01 1.115072e-01
0.855439 0.855439 7.674697e+00 7.673392e-02
0.875433 0.875433 3.721164e+00 3.720572e-02
0.861867 0.861867 6.183009e+00 6.179025e-02
0.898746 0.898746 1.429596e+00 1.429405e-02
0.866612 0.866612 3.072307e+00 3.067977e-02
0.895962 0.895962 1.346029e+00 1.343456e-02
0.846095 0.846095 5.754578e+00 5.749027e-02
0.852981 0.852981 1.423489e+01 1.422914e-01
0.883701 0.883701 2.311029e+00 2.305223e-02
0.884522 0.884522 1.537617e+00 1.535114e-02
0.883045 0.883045 2.630310e+00 2.625005e-02
0.846689 0.846689 1.374539e+01 1.374509e-01
0.905924 0.905924 6.195715e-01 6.185249e-03
0.865548 0.865548 2.894861e+00 2.890830e-02
0.859070 0.859070 6.999001e+00 6.996814e-02
0.874289 0.874289 3.465755e+00 3.462363e-02
0.884713 0.884713 2.882496e+00 2.879396e-02
0.858314 0.858314 9.410830e+00 9.407977e-02
0.850767 0.850767 1.031990e+01 1.031394e-01
0.900279 0.900279 8.525619e-01 8.516881e-03
0.888059 0.888059 1.782388e+00 1.779728e-02
0.877249 0.877249 2.879528e+00 2.874263e-02
0.881802 0.881802 2.258546e+00 2.258426e-02
0.883749 0.883749 2.573368e+00 2.569607e-02
0.873707 0.873707 2.582553e+00 2.580733e-02
0.877433 0.877433 2.352585e+00 2.348271e-02
0.918438 0.918438 5.386055e-01 5.367019e-03
0.873824 0.873824 2.991091e+00 2.987770e-02
0.858658 0.858658 8.019108e+00 8.012150e-02
0.872088 0.872088 3.064828e+00 3.058420e-02
0.854715 0.854715 8.132154e+00 8.126683e-02
0.872552 0.872552 6.841127e+00 6.827108e-02
0.893977 0.893977 1.130811e+00 1.128900e-02
0.887431 0.887431 1.747320e+00 1.747171e-02
0.837729 0.837729 2.557271e+01 2.553852e-01
0.909869 0.909869 5.637014e-01 5.628852e-03
0.877366 0.877366 2.466051e+00 2.463052e-02
0.857935 0.857935 4.840336e+00 4.837285e-02
0.897146 0.897146 9.602744e-01 9.581323e-03
0.860454 0.860454 5.037559e+00 5.031002e-02
0.905361 0.905361 7.447429e-01 7.440941e-03
0.879921 0.879921 1.503304e+00 1.501978e-02
0.866494 0.866494 7.806245e+00 7.805199e-02
0.867025 0.867025 2.041596e+00 2.041471e-02
0.874220 0.874220 2.650392e+00 2.646476e-02
0.879793 0.879793 1.974370e+00 1.974128e-02
0.877843 0.877843 1.745445e+00 1.745398e-02
0.876982 0.876982 2.292719e+00 2.290839e-02
0.874130 0.874130 1.163657e+00 1.161386e-02
0.882748 0.882748 1.875583e+00 1.874525e-02
0.835961 0.835961 1.483576e+01 1.483198e-01
0.871235 0.871235 4.358776e+00 4.347707e-02
0.887779 0.887779 1.831818e+00 1.825013e-02
0.897120 0.897120 8.628885e-01 8.622177e-03
0.863906 0.863906 5.758912e+00 5.758097e-02
0.810293 0.810293 4.253338e+01 4.251596e-01
0.863958 0.863958 3.903034e+00 3.898707e-02
0.878523 0.878523 2.030806e+00 2.029081e-02
0.854376 0.854376 5.227322e+00 5.225027e-02
0.866812 0.866812 3.508342e+00 3.505739e-02
0.876013 0.876013 2.894627e+00 2.892451e-02
0.890632 0.890632 1.177082e+00 1.175080e-02
0.880633 0.880633 2.181086e+00 2.176499e-02
0.884299 0.884299 2.167694e+00 2.166269e-02
0.857684 0.857684 6.050377e+00 6.041642e-02
0.843867 0.843867 2.177168e+01 2.176322e-01
0.880044 0.880044 1.528277e+00 1.525205e-02
0.872738 0.872738 2.820994e+00 2.819921e-02
0.880343 0.880343 1.607254e+00 1.603565e-02
0.869232 0.869232 2.148052e+00 2.145925e-02
0.880741 0.880741 2.463036e+00 2.459458e-02
0.879577 0.879577 2.213118e+00 2.210294e-02
0.859274 0.859274 4.700621e+00 4.699960e-02
0.912408 0.912408 6.754248e-01 6.718015e-03
0.847609 0.847609 6.294338e+00 6.291330e-02
0.883350 0.883350 3.002690e+00 3.000610e-02
0.863784 0.863784 5.278000e+00 5.270945e-02
0.879035 0.879035 3.984954e+00 3.984164e-02
0.883003 0.883003 2.614294e+00 2.610676e-02
0.882547 0.882547 3.577230e+00 3.571716e-02
0.871382 0.871382 3.104384e+00 3.100088e-02
0.867679 0.867679 5.712455e+00 5.704823e-02
0.866706 0.866706 4.095046e+00 4.086676e-02
0.871951 0.871951 5.466955e+00 5.462135e-02
0.867489 0.867489 5.932719e+00 5.924949e-02
0.896338 0.896338 1.012293e+00 1.010805e-02
0.878609 0.878609 3.544674e+00 3.542435e-02
0.902810 0.902810 5.766163e-01 5.742722e-03
0.881554 0.881554 4.093488e+00 4.086950e-02
0.857493 0.857493 6.002215e+00 5.996805e-02
0.871379 0.871379 3.113130e+00 3.109234e-02
0.894952 0.894952 7.687820e-01 7.655144e-03
0.843580 0.843580 9.513357e+00 9.503918e-02
0.884777 0.884777 3.065473e+00 3.062375e-02
0.872203 0.872203 4.040724e+00 4.033340e-02
0.900825 0.900825 1.857839e+00 1.855874e-02
0.869115 0.869115 2.728744e+00 2.728018e-02
0.830300 0.830300 1.183004e+01 1.182646e-01
0.840403 0.840403 1.432047e+01 1.431055e-01
0.896761 0.896761 2.371122e+00 2.365053e-02
0.868128 0.868128 4.264999e+00 4.260129e-02
0.838952 0.838952 1.087248e+01 1.086476e-01
0.892032 0.892032 9.632775e-01 9.602972e-03
0.868245 0.868245 4.073117e+00 4.071717e-02
0.859814 0.859814 8.235300e+00 8.227213e-02
0.867396 0.867396 4.997579e+00 4.990012e-02
0.844632 0.844632 5.340052e+00 5.335864e-02
0.873551 0.873551 2.370747e+00 2.364179e-02
0.873003 0.873003 2.574411e+00 2.572789e-02
0.905935 0.905935 1.165351e+00 1.164758e-02
0.871306 0.871306 4.462001e+00 4.458679e-02
0.857176 0.857176 8.424808e+00 8.418427e-02
0.908995 0.908995 8.935723e-01 8.913281e-03
0.856874 0.856874 4.640145e+00 4.637066e-02
0.863337 0.863337 3.897946e+00 3.893961e-02
0.861857 0.861857 5.465445e+00 5.463678e-02
0.879011 0.879011 2.825293e+00 2.824180e-02
0.874658 0.874658 1.641899e+00 1.640983e-02
0.877954 0.877954 2.278059e+00 2.275632e-02
0.874826 0.874826 4.885865e+00 4.880546e-02
0.857118 0.857118 5.257114e+00 5.257039e-02
0.893685 0.893685 1.092316e+00 1.091765e-02
0.866586 0.866586 6.507703e+00 6.502876e-02
0.870062 0.870062 4.485914e+00 4.479416e-02
0.893608 0.893608 1.169495e+00 1.168120e-02
0.873839 0.873839 2.509892e+00 2.508812e-02
0.878576 0.878576 3.286962e+00 3.280206e-02
0.882453 0.882453 2.858770e+00 2.853101e-02
0.851558 0.851558 6.795992e+00 6.794660e-02
0.899998 0.899998 1.798886e+00 1.796163e-02
0.875812 0.875812 6.018684e+00 6.014056e-02
0.886501 0.886501 2.954999e+00 2.953598e-02
0.883949 0.883949 1.581678e+00 1.578014e-02
0.905791 0.905791 9.119952e-01 9.091339e-03
0.846861 0.846861 8.650033e+00 8.646168e-02
0.880678 0.880678 3.449246e+00 3.446842e-02
0.897523 0.897523 1.287478e+00 1.287395e-02
0.908843 0.908843 7.760491e-01 7.745537e-03
0.882894 0.882894 2.743186e+00 2.739766e-02
0.899645 0.899645 8.162568e-01 8.161101e-03
0.880491 0.880491 2.470900e+00 2.465919e-02
0.859868 0.859868 9.391234e+00 9.388407e-02
0.884995 0.884995 2.220792e+00 2.216317e-02
0.866395 0.866395 4.670252e+00 4.661513e-02
0.850008 0.850008 7.640696e+00 7.631904e-02
0.870818 0.870818 4.832135e+00 4.828624e-02
0.882780 0.882780 2.008762e+00 2.004878e-02
0.848953 0.848953 9.104390e+00 9.104189e-02
0.847264 0.847264 1.747940e+01 1.746115e-01
0.854951 0.854951 2.963831e+00 2.961584e-02
0.846573 0.846573 8.031996e+00 8.025408e-02
0.863679 0.863679 3.665708e+00 3.665385e-02
0.889207 0.889207 1.358681e+00 1.356153e-02
0.894503 0.894503 1.238698e+00 1.236911e-02
0.879297 0.879297 2.066152e+00 2.065278e-02
0.900753 0.900753 7.912170e-01 7.897888e-03
0.863962 0.863962 5.539832e+00 5.538661e-02
0.880022 0.880022 1.739563e+00 1.736944e-02
0.843153 0.843153 1.709358e+01 1.708657e-01
0.851561 0.851561 1.154669e+01 1.154621e-01
0.848149 0.848149 5.840472e+00 5.835852e-02
0.910926 0.910926 6.844792e-01 6.827156e-03
0.851119 0.851119 9.631206e+00 9.619731e-02
0.883590 0.883590 1.922552e+00 1.917118e-02
0.891994 0.891994 1.582565e+00 1.581534e-02
0.872092 0.872092 3.025138e+00 3.024271e-02
0.857455 0.857455 9.484168e+00 9.483253e-02
0.878101 0.878101 3.377123e+00 3.375703e-02
0.880051 0.880051 2.164646e+00 2.164397e-02
0.899684 0.899684 1.372079e+00 1.370011e-02
0.850146 0.850146 4.310884e+00 4.309653e-02
0.929281 0.929281 3.728759e-01 3.722663e-03
0.848709 0.848709 1.954987e+01 1.954965e-01
0.851611 0.851611 6.513039e+00 6.512941e-02
0.862103 0.862103 7.630635e+00 7.626834e-02
0.889727 0.889727 1.718093e+00 1.715695e-02
0.851759 0.851759 3.875730e+00 3.871825e-02
0.875101 0.875101 4.303042e+00 4.298879e-02
0.833769 0.833769 1.334155e+01 1.332452e-01
0.871064 0.871064 4.433580e+00 4.432246e-02
0.895765 0.895765 1.563804e+00 1.561528e-02
0.880450 0.880450 3.321283e+00 3.320743e-02
0.893379 0.893379 1.058542e+00 1.056161e-02
0.869434 0.869434 4.222372e+00 4.217411e-02
0.868739 0.868739 2.991838e+00 2.988289e-02
0.857586 0.857586 2.888567e+00 2.884633e-02
0.862900 0.862900 3.007281e+00 3.002582e-02
0.843575 0.843575 1.202339e+01 1.202081e-01
0.859343 0.859343 6.718820e+00 6.716823e-02
0.864165 0.864165 4.645937e+00 4.639467e-02
0.854640 0.854640 8.953208e+00 8.948891e-02
0.855545 0.855545 1.043531e+01 1.043386e-01
0.857376 0.857376 8.056659e+00 8.055391e-02
0.866085 0.866085 4.667513e+00 4.662153e-02
0.867670 0.867670 5.270155e+00 5.268466e-02
0.866084 0.866084 5.048311e+00 5.046842e-02
0.906128 0.906128 6.486954e-01 6.484795e-03
0.838065 0.838065 9.406284e+00 9.405578e-02
0.842081 0.842081 1.894447e+01 1.893262e-01
0.873169 0.873169 2.499424e+00 2.496399e-02
0.887557 0.887557 2.163989e+00 2.162187e-02
0.846608 0.846608 8.605140e+00 8.603274e-02
0.895450 0.895450 1.057342e+00 1.052685e-02
0.859480 0.859480 5.135735e+00 5.134796e-02
0.851102 0.851102 1.051090e+01 1.050482e-01
0.898584 0.898584 1.412755e+00 1.412121e-02
0.882414 0.882414 2.910121e+00 2.909222e-02
0.874727 0.874727 7.025383e+00 7.022536e-02
0.865660 0.865660 4.543264e+00 4.537655e-02
0.916931 0.916931 6.015717e-01 6.003393e-03
0.854746 0.854746 6.186100e+00 6.178015e-02
0.858182 0.858182 8.808757e+00 8.799320e-02
0.863748 0.863748 2.688774e+00 2.688439e-02
0.874160 0.874160 3.513228e+00 3.511023e-02
0.886827 0.886827 2.390100e+00 2.388023e-02
0.887536 0.887536 1.732677e+00 1.724976e-02
0.862112 0.862112 9.112172e+00 9.097589e-02
0.877276 0.877276 2.150055e+00 2.147564e-02
0.855266 0.855266 4.454669e+00 4.451192e-02
0.855059 0.855059 1.012532e+01 1.011410e-01
0.831670 0.831670 2.350662e+01 2.350012e-01
0.869356 0.869356 5.645755e+00 5.641970e-02
0.852033 0.852033 1.034382e+01 1.034016e-01
0.870095 0.870095 3.461143e+00 3.458242e-02
0.846362 0.846362 1.158702e+01 1.158678e-01
0.878424 0.878424 3.006864e+00 3.004861e-02
0.874821 0.874821 2.937504e+00 2.936675e-02
0.889684 0.889684 8.697684e-01 8.689900e-03
0.856526 0.856526 5.796561e+00 5.790798e-02
0.867350 0.867350 3.716755e+00 3.709916e-02
0.884598 0.884598 1.422582e+00 1.422394e-02
0.886801 0.886801 1.924274e+00 1.922180e-02
0.880687 0.880687 2.642193e+00 2.635514e-02
0.876846 0.876846 2.387169e+00 2.385028e-02
0.912495 0.912495 6.075277e-01 6.072783e-03
0.889656 0.889656 1.638268e+00 1.637446e-02
0.855087 0.855087 5.665928e+00 5.663962e-02
0.858355 0.858355 7.209540e+00 7.206505e-02
0.888565 0.888565 1.526620e+00 1.525366e-02
0.839761 0.839761 1.418509e+01 1.417846e-01
0.887328 0.887328 1.715264e+00 1.715047e-02
0.861422 0.861422 5.332747e+00 5.324209e-02
0.918973 0.918973 4.581821e-01 4.574637e-03
0.876077 0.876077 5.144704e+00 5.136097e-02
0.894404 0.894404 1.682018e+00 1.677661e-02
0.883662 0.883662 2.952698e+00 2.951433e-02
0.860870 0.860870 1.171993e+01 1.171437e-01
0.891694 0.891694 2.108279e+00 2.103327e-02
0.860515 0.860515 7.631185e+00 7.630943e-02
0.847137 0.847137 1.310594e+01 1.309871e-01
0.869896 0.869896 4.257560e+00 4.255280e-02
0.873631 0.873631 2.325392e+00 2.323761e-02
0.869731 0.869731 4.269798e+00 4.269597e-02
0.874197 0.874197 2.673328e+00 2.667619e-02
0.871708 0.871708 4.130564e+00 4.127331e-02
0.872133 0.872133 3.010213e+00 3.005465e-02
0.893395 0.893395 8.835207e-01 8.821127e-03
0.893591 0.893591 8.730109e-01 8.726018e-03
0.867547 0.867547 6.515632e+00 6.514366e-02
0.885850 0.885850 2.491922e+00 2.489499e-02
0.923391 0.923391 5.235738e-01 5.231027e-03
0.870574 0.870574 3.395894e+00 3.395793e-02
0.876800 0.876800 3.451401e+00 3.445340e-02
0.844491 0.844491 6.216060e+00 6.214588e-02
0.879686 0.879686 2.477713e+00 2.474950e-02
0.876683 0.876683 2.876316e+00 2.874529e-02
0.876433 0.876433 2.559066e+00 2.555169e-02
0.859578 0.859578 9.330648e+00 9.326811e-02
0.865808 0.865808 6.112536e+00 6.104484e-02
0.853832 0.853832 5.742147e+00 5.740244e-02
0.854015 0.854015 4.079426e+00 4.076601e-02
0.847888 0.847888 1.088673e+01 1.087694e-01
0.877948 0.877948 1.996293e+00 1.991816e-02
0.873372 0.873372 5.313257e+00 5.304059e-02
0.851917 0.851917 2.825470e+00 2.824932e-02
0.870767 0.870767 2.853587e+00 2.850030e-02
0.869879 0.869879 5.229032e+00 5.228055e-02
0.896720 0.896720 1.317089e+00 1.315537e-02
0.894768 0.894768 1.166142e+00 1.166123e-02
0.867006 0.867006 5.599551e+00 5.591162e-02
0.877213 0.877213 3.340088e+00 3.337485e-02
0.894430 0.894430 1.220935e+00 1.220267e-02
0.852231 0.852231 3.507902e+00 3.503825e-02
0.879546 0.879546 2.929993e+00 2.925116e-02
0.894157 0.894157 1.885069e+00 1.882593e-02
0.868464 0.868464 3.066978e+00 3.065196e-02
0.911297 0.911297 7.080969e-01 7.043544e-03
0.869671 0.869671 5.440255e+00 5.436510e-02
0.827965 0.827965 1.148386e+01 1.147768e-01
0.913456 0.913456 7.151331e-01 7.120117e-03
0.839085 0.839085 1.301613e+01 1.300539e-01
0.926957 0.926957 5.216748e-01 5.192588e-03
0.877388 0.877388 2.038634e+00 2.035185e-02
0.883929 0.883929 2.044818e+00 2.039714e-02
0.874262 0.874262 2.322235e+00 2.317343e-02
0.864194 0.864194 5.183176e+00 5.181592e-02
0.867316 0.867316 3.417761e+00 3.414100e-02
0.820346 0.820346 3.676591e+01 3.676385e-01
0.869515 0.869515 3.518403e+00 3.516602e-02
0.890838 0.890838 1.994559e+00 1.989197e-02
0.885769 0.885769 1.744717e+00 1.743633e-02
0.885370 0.885370 2.286569e+00 2.282540e-02
0.899708 0.899708 9.728624e-01 9.723202e-03
0.887593 0.887593 2.481009e+00 2.473197e-02
0.817101 0.817101 3.723235e+01 3.722732e-01
0.847198 0.847198 8.641895e+00 8.640868e-02
0.900732 0.900732 1.254818e+00 1.251621e-02
0.846231 0.846231 1.132033e+01 1.131089e-01
0.905850 0.905850 1.001130e+00 9.979493e-03
0.871493 0.871493 6.124747e+00 6.118667e-02
0.865411 0.865411 4.905700e+00 4.904742e-02
0.877057 0.877057 2.589155e+00 2.586651e-02
0.898257 0.898257 9.323181e-01 9.303563e-03
0.902347 0.902347 1.243081e+00 1.242240e-02
0.899912 0.899912 1.396847e+00 1.396159e-02
0.912641 0.912641 6.708897e-01 6.680661e-03
0.881369 0.881369 1.868030e+00 1.866662e-02
0.875932 0.875932 3.635318e+00 3.631001e-02
0.872728 0.872728 3.926135e+00 3.922055e-02
0.849547 0.849547 4.078470e+00 4.073246e-02
0.876199 0.876199 3.250119e+00 3.247408e-02
0.873144 0.873144 4.641966e+00 4.640400e-02
0.859931 0.859931 8.965072e+00 8.963638e-02
0.876121 0.876121 3.145455e+00 3.143617e-02
0.866214 0.866214 1.359247e+00 1.359241e-02
0.884560 0.884560 2.635490e+00 2.630894e-02
0.844429 0.844429 8.128602e+00 8.126179e-02
0.888630 0.888630 1.097229e+00 1.092349e-02
0.878788 0.878788 2.205621e+00 2.200187e-02
0.837741 0.837741 1.239070e+01 1.237311e-01
0.879206 0.879206 2.521756e+00 2.517653e-02
0.877579 0.877579 2.519530e+00 2.514466e-02
0.873545 0.873545 2.984341e+00 2.982740e-02
0.869955 0.869955 6.517614e+00 6.512229e-02
0.889209 0.889209 1.988535e+00 1.988517e-02
0.856278 0.856278 3.323523e+00 3.319165e-02
0.900115 0.900115 1.110926e+00 1.108433e-02
0.861883 0.861883 4.814423e+00 4.811434e-02
0.879157 0.879157 1.775904e+00 1.774667e-02
0.831841 0.831841 6.882509e+00 6.881084e-02
0.827340 0.827340 4.604110e+01 4.603181e-01
0.888217 0.888217 1.121280e+00 1.120934e-02
0.868380 0.868380 3.038811e+00 3.036297e-02
0.877669 0.877669 2.972014e+00 2.966938e-02
0.892616 0.892616 1.933835e+00 1.930667e-02
0.867258 0.867258 3.570727e+00 3.569786e-02
0.846602 0.846602 9.556803e+00 9.554572e-02
0.878757 0.878757 2.387067e+00 2.385381e-02
0.866716 0.866716 2.902274e+00 2.899732e-02
0.876814 0.876814 1.864052e+00 1.862743e-02
0.846353 0.846353 1.539304e+01 1.538451e-01
0.881737 0.881737 2.046902e+00 2.045392e-02
0.890257 0.890257 1.765085e+00 1.758817e-02
0.883239 0.883239 1.058399e+00 1.055768e-02
0.880999 0.880999 3.094077e+00 3.093251e-02
0.919756 0.919756 4.387604e-01 4.381997e-03
0.876009 0.876009 2.466161e+00 2.465497e-02
0.882061 0.882061 2.331912e+00 2.327596e-02
0.878151 0.878151 2.017274e+00 2.017247e-02
0.879951 0.879951 3.172467e+00 3.167352e-02
0.851544 0.851544 8.669764e+00 8.664215e-02
0.854902 0.854902 5.423654e+00 5.419383e-02
0.870697 0.870697 6.538606e+00 6.535238e-02
0.862550 0.862550 4.593588e+00 4.592701e-02
