0.876424 0.876424 7.288818e-01 7.239892e-03
0.795499 0.795499 8.631656e+00 8.629720e-02
0.870697 0.870697 1.277952e+00 1.273559e-02
0.854328 0.854328 1.843727e+00 1.839810e-02
0.833381 0.833381 3.089672e+00 3.088651e-02
0.836324 0.836324 3.773934e+00 3.768311e-02
0.815986 0.815986 5.831151e+00 5.825843e-02
0.885850 0.885850 8.601097e-01 8.567199e-03
0.785533 0.785533 9.274760e+00 9.267463e-02
0.839027 0.839027 4.464984e+00 4.464056e-02
0.837876 0.837876 3.418110e+00 3.412776e-02
0.878512 0.878512 8.976601e-01 8.938509e-03
0.794198 0.794198 6.752882e+00 6.747120e-02
0.869617 0.869617 1.063679e+00 1.061399e-02
0.856828 0.856828 2.103906e+00 2.096616e-02
0.879784 0.879784 1.373445e+00 1.370790e-02
0.830619 0.830619 4.420768e+00 4.416216e-02
0.842666 0.842666 3.145293e+00 3.136480e-02
0.799324 0.799324 7.791839e+00 7.785752e-02
0.855664 0.855664 2.522615e+00 2.522156e-02
0.865044 0.865044 2.583603e+00 2.579880e-02
0.782112 0.782112 7.995707e+00 7.993749e-02
0.877846 0.877846 1.139829e+00 1.135934e-02
0.840011 0.840011 1.839035e+00 1.837913e-02
0.879702 0.879702 9.086762e-01 9.063858e-03
0.807389 0.807389 4.548569e+00 4.543759e-02
0.835747 0.835747 4.734708e+00 4.728987e-02
0.895429 0.895429 6.290567e-01 6.276284e-03
0.877960 0.877960 1.382058e+00 1.379604e-02
0.871859 0.871859 1.540168e+00 1.539125e-02
0.800011 0.800011 7.767529e+00 7.764932e-02
0.811560 0.811560 5.643256e+00 5.633706e-02
0.829328 0.829328 4.506332e+00 4.502104e-02
0.829692 0.829692 2.305223e+00 2.302858e-02
0.828728 0.828728 5.404200e+00 5.391375e-02
0.868463 0.868463 1.302568e+00 1.301353e-02
0.828445 0.828445 3.921641e+00 3.917202e-02
0.857395 0.857395 1.963357e+00 1.963250e-02
0.853149 0.853149 3.505602e+00 3.501695e-02
0.811388 0.811388 5.504325e+00 5.499338e-02
0.836000 0.836000 2.539153e+00 2.536545e-02
0.812402 0.812402 5.764713e+00 5.762383e-02
0.858427 0.858427 2.102935e+00 2.101166e-02
0.877134 0.877134 1.256494e+00 1.252069e-02
0.887889 0.887889 8.678340e-01 8.632906e-03
0.880941 0.880941 1.067461e+00 1.064471e-02
0.863201 0.863201 1.268856e+00 1.266892e-02
0.847175 0.847175 2.286214e+00 2.281976e-02
0.877647 0.877647 1.198888e+00 1.192885e-02
0.844711 0.844711 3.428471e+00 3.427457e-02
0.861885 0.861885 1.777942e+00 1.771740e-02
0.866425 0.866425 1.021853e+00 1.021789e-02
0.837083 0.837083 2.528248e+00 2.525509e-02
0.858270 0.858270 1.814528e+00 1.813701e-02
0.861959 0.861959 1.930224e+00 1.929728e-02
0.857411 0.857411 1.649408e+00 1.648844e-02
0.851191 0.851191 1.974447e+00 1.967462e-02
0.759813 0.759813 1.618648e+01 1.616600e-01
0.847051 0.847051 2.544343e+00 2.542289e-02
0.856991 0.856991 1.996988e+00 1.988404e-02
0.856536 0.856536 1.965242e+00 1.964275e-02
0.843492 0.843492 3.803066e+00 3.802835e-02
0.847084 0.847084 2.156956e+00 2.152299e-02
0.869909 0.869909 1.750516e+00 1.750206e-02
0.800420 0.800420 7.967276e+00 7.955050e-02
0.854345 0.854345 2.116467e+00 2.105912e-02
0.869996 0.869996 8.595764e-01 8.576267e-03
0.869139 0.869139 1.230646e+00 1.229834e-02
0.857882 0.857882 2.182592e+00 2.176562e-02
0.822026 0.822026 4.982627e+00 4.982051e-02
0.840570 0.840570 2.874464e+00 2.872481e-02
0.821087 0.821087 5.620663e+00 5.614340e-02
0.884852 0.884852 6.821731e-01 6.757209e-03
0.877830 0.877830 1.155775e+00 1.150609e-02
0.867101 0.867101 1.607191e+00 1.604673e-02
0.782159 0.782159 8.766548e+00 8.758536e-02
0.794975 0.794975 6.935140e+00 6.927001e-02
0.880293 0.880293 1.271725e+00 1.269035e-02
0.822061 0.822061 5.185082e+00 5.179662e-02
0.818717 0.818717 4.582812e+00 4.581236e-02
0.872719 0.872719 1.188184e+00 1.183513e-02
0.841087 0.841087 2.522032e+00 2.517871e-02
0.814618 0.814618 5.999512e+00 5.986367e-02
0.838486 0.838486 3.937275e+00 3.929924e-02
0.833682 0.833682 2.935238e+00 2.932513e-02
0.842802 0.842802 2.398576e+00 2.397341e-02
0.852874 0.852874 2.798176e+00 2.794995e-02
0.867051 0.867051 1.492077e+00 1.489176e-02
0.807630 0.807630 8.035790e+00 8.035027e-02
0.843977 0.843977 2.732462e+00 2.725622e-02
0.864101 0.864101 1.605056e+00 1.603460e-02
0.840857 0.840857 3.455532e+00 3.441366e-02
0.815579 0.815579 5.696624e+00 5.695050e-02
0.858227 0.858227 2.021022e+00 2.019043e-02
0.823492 0.823492 5.768287e+00 5.763980e-02
0.822744 0.822744 4.452967e+00 4.448581e-02
0.874050 0.874050 1.154465e+00 1.151972e-02
0.811528 0.811528 5.488842e+00 5.476489e-02
0.863989 0.863989 2.521652e+00 2.517678e-02
0.834520 0.834520 4.282927e+00 4.275325e-02
0.820788 0.820788 3.041799e+00 3.035740e-02
0.859978 0.859978 1.622207e+00 1.618023e-02
0.862709 0.862709 2.732524e+00 2.728137e-02
0.821680 0.821680 4.716017e+00 4.711522e-02
0.980706 0.980706 3.339555e-01 3.230101e-03
0.785867 0.785867 7.480150e+00 7.473654e-02
0.872737 0.872737 1.316344e+00 1.314790e-02
0.817034 0.817034 5.219950e+00 5.217859e-02
0.801741 0.801741 5.656291e+00 5.652848e-02
0.825594 0.825594 2.991433e+00 2.988018e-02
0.833401 0.833401 1.892947e+00 1.890370e-02
0.868934 0.868934 1.822679e+00 1.813516e-02
0.784815 0.784815 1.037887e+01 1.037763e-01
0.868761 0.868761 1.136895e+00 1.135706e-02
0.841888 0.841888 1.797433e+00 1.792719e-02
0.845128 0.845128 2.639183e+00 2.637219e-02
0.882110 0.882110 1.066168e+00 1.061427e-02
0.823693 0.823693 5.501369e+00 5.494836e-02
0.853821 0.853821 2.283131e+00 2.280587e-02
0.849921 0.849921 2.986410e+00 2.984427e-02
0.804634 0.804634 5.368074e+00 5.367553e-02
0.873254 0.873254 1.012437e+00 1.011993e-02
0.823852 0.823852 4.635650e+00 4.632399e-02
0.833859 0.833859 3.710743e+00 3.708405e-02
0.870504 0.870504 8.874287e-01 8.839958e-03
0.814430 0.814430 4.154072e+00 4.148754e-02
0.826018 0.826018 6.156256e+00 6.143907e-02
0.876661 0.876661 1.067626e+00 1.063276e-02
0.830593 0.830593 4.558160e+00 4.548428e-02
0.816087 0.816087 4.081818e+00 4.076721e-02
0.860661 0.860661 1.265000e+00 1.260839e-02
0.831592 0.831592 4.539038e+00 4.537702e-02
0.865957 0.865957 2.373027e+00 2.370036e-02
0.753741 0.753741 1.479449e+01 1.478387e-01
0.894997 0.894997 6.272982e-01 6.258565e-03
0.820822 0.820822 8.378244e+00 8.377509e-02
0.805112 0.805112 7.337643e+00 7.329000e-02
0.814001 0.814001 5.828679e+00 5.824021e-02
0.772043 0.772043 1.098249e+01 1.097972e-01
0.794332 0.794332 6.968468e+00 6.959807e-02
0.827462 0.827462 4.569137e+00 4.559017e-02
0.824994 0.824994 6.532033e+00 6.531319e-02
0.834841 0.834841 3.264540e+00 3.260088e-02
0.896032 0.896032 6.889802e-01 6.818124e-03
0.784089 0.784089 8.895876e+00 8.894183e-02
0.846683 0.846683 1.293680e+00 1.289836e-02
0.861183 0.861183 1.979346e+00 1.974007e-02
0.865183 0.865183 2.281817e+00 2.281233e-02
0.877621 0.877621 9.241787e-01 9.195011e-03
0.794169 0.794169 6.805572e+00 6.790028e-02
0.889265 0.889265 8.949864e-01 8.940074e-03
0.847949 0.847949 1.882444e+00 1.881764e-02
0.872114 0.872114 1.187346e+00 1.183768e-02
0.829692 0.829692 4.097297e+00 4.091587e-02
0.838011 0.838011 4.504307e+00 4.493950e-02
0.849643 0.849643 1.684834e+00 1.683847e-02
0.865049 0.865049 1.077786e+00 1.072155e-02
0.864165 0.864165 1.760670e+00 1.754792e-02
0.789994 0.789994 8.286295e+00 8.278077e-02
0.826711 0.826711 5.014138e+00 5.000785e-02
0.850695 0.850695 2.723726e+00 2.720310e-02
0.849132 0.849132 2.393208e+00 2.385204e-02
0.852050 0.852050 3.466131e+00 3.461854e-02
0.819859 0.819859 5.348683e+00 5.336357e-02
0.874032 0.874032 8.166742e-01 8.163018e-03
0.810948 0.810948 5.444618e+00 5.437283e-02
0.828088 0.828088 4.335051e+00 4.330031e-02
0.851657 0.851657 2.932949e+00 2.932250e-02
0.791412 0.791412 8.472251e+00 8.454874e-02
0.855900 0.855900 1.210038e+00 1.203800e-02
0.840506 0.840506 2.741406e+00 2.740011e-02
0.871815 0.871815 1.181408e+00 1.176524e-02
0.845861 0.845861 3.113264e+00 3.107326e-02
0.861064 0.861064 2.023339e+00 2.022979e-02
0.839878 0.839878 3.584146e+00 3.581775e-02
0.825273 0.825273 3.771946e+00 3.770399e-02
0.804226 0.804226 7.871386e+00 7.864150e-02
0.889114 0.889114 8.112215e-01 8.064503e-03
0.817948 0.817948 3.576141e+00 3.570954e-02
0.871535 0.871535 9.962632e-01 9.914059e-03
0.870914 0.870914 9.318742e-01 9.290176e-03
0.865298 0.865298 1.495810e+00 1.482779e-02
0.812160 0.812160 4.107887e+00 4.106919e-02
0.880609 0.880609 1.268199e+00 1.264604e-02
0.893339 0.893339 6.685719e-01 6.662966e-03
0.856486 0.856486 3.209181e+00 3.200735e-02
0.854426 0.854426 1.568623e+00 1.566099e-02
0.841949 0.841949 2.982600e+00 2.982420e-02
0.826894 0.826894 4.709700e+00 4.706771e-02
0.827279 0.827279 2.721330e+00 2.717977e-02
0.853598 0.853598 1.516046e+00 1.512540e-02
0.783868 0.783868 7.252241e+00 7.245964e-02
0.861655 0.861655 1.341608e+00 1.337743e-02
0.834203 0.834203 4.150094e+00 4.146616e-02
0.852758 0.852758 1.989470e+00 1.987623e-02
0.827154 0.827154 4.096803e+00 4.087220e-02
0.854542 0.854542 2.540693e+00 2.534410e-02
0.797863 0.797863 7.734140e+00 7.729741e-02
0.785619 0.785619 6.259464e+00 6.256681e-02
0.828560 0.828560 5.944979e+00 5.934198e-02
0.813078 0.813078 4.251868e+00 4.249178e-02
0.887505 0.887505 8.508111e-01 8.493047e-03
0.830837 0.830837 3.779235e+00 3.772124e-02
0.831176 0.831176 4.180831e+00 4.171893e-02
0.898593 0.898593 6.722381e-01 6.707234e-03
0.881457 0.881457 7.688354e-01 7.686711e-03
0.841963 0.841963 3.488891e+00 3.482714e-02
0.865249 0.865249 1.228349e+00 1.228111e-02
0.856673 0.856673 2.284719e+00 2.277224e-02
0.813433 0.813433 5.716956e+00 5.714882e-02
0.788752 0.788752 8.208176e+00 8.206880e-02
0.831557 0.831557 4.420400e+00 4.417753e-02
0.818494 0.818494 4.367007e+00 4.358108e-02
0.840535 0.840535 3.382333e+00 3.380928e-02
0.835304 0.835304 3.475879e+00 3.472563e-02
0.823967 0.823967 2.520542e+00 2.517563e-02
0.817422 0.817422 5.099460e+00 5.095860e-02
0.863014 0.863014 1.743983e+00 1.736549e-02
0.771945 0.771945 1.118452e+01 1.118204e-01
0.789647 0.789647 9.622444e+00 9.622383e-02
0.834679 0.834679 1.957754e+00 1.954028e-02
0.881163 0.881163 1.264110e+00 1.255817e-02
0.835529 0.835529 3.605963e+00 3.595496e-02
0.850592 0.850592 1.703853e+00 1.700258e-02
0.793771 0.793771 6.945647e+00 6.931591e-02
0.870604 0.870604 1.306015e+00 1.303513e-02
0.854022 0.854022 1.375483e+00 1.375033e-02
0.841722 0.841722 2.683942e+00 2.679691e-02
0.818961 0.818961 5.162733e+00 5.152130e-02
0.850926 0.850926 2.050553e+00 2.044744e-02
0.876092 0.876092 1.783682e+00 1.782488e-02
0.776509 0.776509 9.636336e+00 9.629353e-02
0.885915 0.885915 1.082630e+00 1.073282e-02
0.802949 0.802949 6.551174e+00 6.542727e-02
0.811759 0.811759 5.399069e+00 5.393713e-02
0.874364 0.874364 1.487894e+00 1.486904e-02
0.851402 0.851402 2.467352e+00 2.463225e-02
0.804740 0.804740 4.119615e+00 4.114051e-02
0.860922 0.860922 2.328743e+00 2.328288e-02
0.874627 0.874627 1.122436e+00 1.118980e-02
0.827822 0.827822 3.105116e+00 3.102098e-02
0.844275 0.844275 2.224539e+00 2.221649e-02
0.820829 0.820829 6.496938e+00 6.482314e-02
0.866511 0.866511 3.047486e+00 3.042257e-02
0.831489 0.831489 3.849978e+00 3.839797e-02
0.857926 0.857926 1.318774e+00 1.315576e-02
0.798164 0.798164 8.304156e+00 8.300965e-02
0.797240 0.797240 7.072224e+00 7.070759e-02
0.864658 0.864658 1.493999e+00 1.490809e-02
0.894999 0.894999 6.160359e-01 6.154589e-03
0.776150 0.776150 9.789733e+00 9.788253e-02
0.866821 0.866821 9.012523e-01 8.985721e-03
0.866179 0.866179 1.212922e+00 1.211697e-02
0.817475 0.817475 5.448420e+00 5.444061e-02
0.861755 0.861755 2.527171e+00 2.526039e-02
0.854230 0.854230 1.732293e+00 1.730974e-02
0.850059 0.850059 1.711411e+00 1.707108e-02
0.831657 0.831657 2.017551e+00 2.016108e-02
0.831422 0.831422 5.050746e+00 5.048723e-02
0.827199 0.827199 6.256038e+00 6.255239e-02
0.870731 0.870731 1.419545e+00 1.417021e-02
0.843225 0.843225 1.806478e+00 1.805809e-02
0.816573 0.816573 6.754207e+00 6.753399e-02
0.874624 0.874624 1.939436e+00 1.936122e-02
0.877950 0.877950 9.311764e-01 9.275333e-03
0.799065 0.799065 7.274328e+00 7.263451e-02
0.789620 0.789620 7.877958e+00 7.877259e-02
0.810001 0.810001 5.880676e+00 5.879219e-02
0.878701 0.878701 9.397768e-01 9.387766e-03
0.861847 0.861847 1.182123e+00 1.176435e-02
0.804188 0.804188 5.493996e+00 5.487575e-02
0.871754 0.871754 1.223882e+00 1.222346e-02
0.832908 0.832908 4.167333e+00 4.166358e-02
0.839131 0.839131 3.366569e+00 3.355742e-02
0.836357 0.836357 1.691774e+00 1.688199e-02
0.868931 0.868931 1.616210e+00 1.615484e-02
0.849374 0.849374 1.990785e+00 1.983903e-02
0.831551 0.831551 3.617589e+00 3.613675e-02
0.837106 0.837106 4.533172e+00 4.526674e-02
0.877267 0.877267 1.205407e+00 1.205057e-02
0.836638 0.836638 2.510169e+00 2.509065e-02
0.790484 0.790484 8.477147e+00 8.468038e-02
0.864834 0.864834 1.401559e+00 1.400393e-02
0.831148 0.831148 3.947747e+00 3.938191e-02
0.885220 0.885220 8.912333e-01 8.856541e-03
0.831830 0.831830 3.983162e+00 3.974042e-02
0.852546 0.852546 2.736219e+00 2.733308e-02
0.780180 0.780180 9.013046e+00 9.003590e-02
0.853797 0.853797 1.757192e+00 1.754417e-02
0.809833 0.809833 6.044251e+00 6.038979e-02
0.858158 0.858158 1.550308e+00 1.544735e-02
0.868988 0.868988 1.435546e+00 1.432590e-02
0.845077 0.845077 2.570139e+00 2.564171e-02
0.870388 0.870388 1.420273e+00 1.419775e-02
0.789982 0.789982 1.010725e+01 1.009615e-01
0.848074 0.848074 3.012636e+00 3.006427e-02
0.856879 0.856879 1.807972e+00 1.805501e-02
0.850545 0.850545 2.292746e+00 2.290828e-02
0.817016 0.817016 6.953788e+00 6.952323e-02
0.874509 0.874509 1.410230e+00 1.409370e-02
0.888190 0.888190 6.808679e-01 6.782094e-03
0.850244 0.850244 4.951025e+00 4.948775e-02
0.872132 0.872132 1.847798e+00 1.844364e-02
0.843154 0.843154 4.323291e+00 4.306997e-02
0.803462 0.803462 6.086476e+00 6.084985e-02
0.872337 0.872337 1.004286e+00 9.989638e-03
0.870046 0.870046 1.438975e+00 1.435737e-02
0.845210 0.845210 1.588710e+00 1.583612e-02
0.842217 0.842217 3.734606e+00 3.730685e-02
0.860454 0.860454 1.572837e+00 1.571542e-02
0.854589 0.854589 2.133558e+00 2.133002e-02
0.815956 0.815956 4.680981e+00 4.673087e-02
0.845987 0.845987 3.005609e+00 3.005322e-02
0.865819 0.865819 2.073679e+00 2.072577e-02
0.818468 0.818468 5.430609e+00 5.425533e-02
0.882496 0.882496 1.059844e+00 1.055139e-02
0.874007 0.874007 1.831718e+00 1.823480e-02
0.918656 0.918656 4.125431e-01 4.105141e-03
0.836236 0.836236 4.102980e+00 4.098387e-02
0.829235 0.829235 4.024580e+00 4.014006e-02
0.841940 0.841940 3.242100e+00 3.237357e-02
0.812972 0.812972 6.687152e+00 6.681711e-02
0.888708 0.888708 5.826660e-01 5.814243e-03
0.823823 0.823823 3.496987e+00 3.489803e-02
0.820273 0.820273 5.139607e+00 5.139420e-02
0.800490 0.800490 6.808983e+00 6.797404e-02
0.796133 0.796133 9.757794e+00 9.737452e-02
0.847413 0.847413 2.433424e+00 2.427498e-02
0.828232 0.828232 4.279703e+00 4.277239e-02
0.867896 0.867896 1.456136e+00 1.452887e-02
0.862603 0.862603 1.514491e+00 1.510539e-02
0.875602 0.875602 1.430645e+00 1.424550e-02
0.819364 0.819364 4.582314e+00 4.568150e-02
0.859865 0.859865 1.899529e+00 1.897280e-02
0.825990 0.825990 5.517261e+00 5.513101e-02
0.806606 0.806606 5.990598e+00 5.981201e-02
0.780933 0.780933 9.264067e+00 9.257937e-02
0.840356 0.840356 2.875882e+00 2.869947e-02
0.803875 0.803875 6.575557e+00 6.560192e-02
0.845136 0.845136 3.245017e+00 3.241592e-02
0.796439 0.796439 7.308510e+00 7.296936e-02
0.854233 0.854233 1.280440e+00 1.276282e-02
0.857237 0.857237 1.677889e+00 1.675081e-02
0.824217 0.824217 5.482935e+00 5.480830e-02
0.813680 0.813680 6.511556e+00 6.503959e-02
0.868275 0.868275 1.162679e+00 1.159725e-02
0.868444 0.868444 1.082413e+00 1.080623e-02
0.836643 0.836643 2.473282e+00 2.473115e-02
0.836710 0.836710 3.983656e+00 3.981842e-02
0.886277 0.886277 7.331220e-01 7.292201e-03
0.810066 0.810066 6.773119e+00 6.764591e-02
0.867293 0.867293 1.543133e+00 1.541895e-02
0.852573 0.852573 2.122054e+00 2.120496e-02
0.861315 0.861315 1.268427e+00 1.265529e-02
0.812706 0.812706 7.265519e+00 7.257343e-02
0.799953 0.799953 6.129285e+00 6.120548e-02
0.793511 0.793511 8.312255e+00 8.307389e-02
0.860099 0.860099 1.673566e+00 1.668601e-02
0.884092 0.884092 7.676937e-01 7.636418e-03
0.849558 0.849558 1.725550e+00 1.721123e-02
0.870019 0.870019 1.275526e+00 1.273091e-02
0.881151 0.881151 8.254537e-01 8.254064e-03
0.865012 0.865012 1.768129e+00 1.764353e-02
0.873286 0.873286 1.085757e+00 1.084505e-02
0.865965 0.865965 1.485649e+00 1.484690e-02
0.855799 0.855799 1.489841e+00 1.489512e-02
0.846143 0.846143 3.452622e+00 3.450211e-02
0.852407 0.852407 3.843228e+00 3.825923e-02
0.869893 0.869893 1.111226e+00 1.105720e-02
0.814376 0.814376 4.777066e+00 4.767933e-02
0.861844 0.861844 8.951658e-01 8.921697e-03
0.826420 0.826420 4.690230e+00 4.688769e-02
0.829555 0.829555 3.148807e+00 3.144162e-02
0.829032 0.829032 5.398183e+00 5.389765e-02
0.846631 0.846631 2.673792e+00 2.669163e-02
0.813624 0.813624 5.576637e+00 5.562855e-02
0.900632 0.900632 5.389662e-01 5.356991e-03
0.806999 0.806999 4.317962e+00 4.308709e-02
0.809610 0.809610 7.296953e+00 7.284871e-02
0.834649 0.834649 3.361052e+00 3.356934e-02
0.847373 0.847373 2.396792e+00 2.394228e-02
0.839216 0.839216 3.425969e+00 3.424942e-02
0.855110 0.855110 1.726393e+00 1.722489e-02
0.788548 0.788548 8.760646e+00 8.753526e-02
0.821365 0.821365 3.499472e+00 3.493197e-02
0.861544 0.861544 1.668450e+00 1.660782e-02
0.852307 0.852307 1.460998e+00 1.459017e-02
0.843404 0.843404 3.212812e+00 3.207544e-02
0.870382 0.870382 1.179643e+00 1.170827e-02
0.869111 0.869111 2.011589e+00 1.998877e-02
0.874521 0.874521 1.413497e+00 1.413447e-02
0.808720 0.808720 6.406633e+00 6.395635e-02
0.875422 0.875422 6.806703e-01 6.805790e-03
0.847318 0.847318 2.597750e+00 2.590507e-02
0.842175 0.842175 2.140050e+00 2.135790e-02
0.811234 0.811234 5.516243e+00 5.510843e-02
0.848345 0.848345 2.680674e+00 2.675334e-02
0.863111 0.863111 2.017436e+00 2.015264e-02
0.777840 0.777840 7.825788e+00 7.820338e-02
0.878279 0.878279 1.073958e+00 1.073349e-02
0.817424 0.817424 5.312264e+00 5.305248e-02
0.868003 0.868003 1.752872e+00 1.749501e-02
0.770517 0.770517 1.104005e+01 1.103920e-01
0.887523 0.887523 8.721210e-01 8.669624e-03
0.884656 0.884656 8.968545e-01 8.936140e-03
0.849611 0.849611 2.673845e+00 2.667228e-02
0.780181 0.780181 1.094257e+01 1.093486e-01
0.864652 0.864652 1.326201e+00 1.325754e-02
0.887427 0.887427 6.592640e-01 6.588235e-03
0.840031 0.840031 3.334629e+00 3.323092e-02
0.845735 0.845735 2.458588e+00 2.455912e-02
0.878111 0.878111 8.892297e-01 8.885749e-03
0.854694 0.854694 2.549933e+00 2.546121e-02
0.868065 0.868065 1.839414e+00 1.836029e-02
0.794790 0.794790 7.631533e+00 7.630014e-02
0.815581 0.815581 5.249904e+00 5.247298e-02
0.857429 0.857429 2.451401e+00 2.445947e-02
0.818893 0.818893 6.217109e+00 6.202611e-02
0.839581 0.839581 2.994040e+00 2.990247e-02
0.853945 0.853945 2.498161e+00 2.496923e-02
0.787814 0.787814 1.039433e+01 1.038774e-01
0.846347 0.846347 2.964000e+00 2.957215e-02
0.826958 0.826958 3.872132e+00 3.864157e-02
0.874642 0.874642 1.001240e+00 1.001035e-02
0.846954 0.846954 2.739744e+00 2.735125e-02
0.873634 0.873634 9.926130e-01 9.895493e-03
0.816872 0.816872 4.429045e+00 4.423813e-02
0.842870 0.842870 3.003557e+00 3.002087e-02
0.851440 0.851440 3.801740e+00 3.793600e-02
0.837358 0.837358 3.615476e+00 3.611038e-02
0.870506 0.870506 1.216317e+00 1.215128e-02
0.798969 0.798969 6.419953e+00 6.414131e-02
0.809505 0.809505 3.978900e+00 3.978766e-02
0.830450 0.830450 4.151825e+00 4.141755e-02
0.842596 0.842596 3.516492e+00 3.514818e-02
0.846902 0.846902 3.791328e+00 3.783025e-02
0.796830 0.796830 7.186630e+00 7.170165e-02
0.799427 0.799427 6.354405e+00 6.353978e-02
0.824254 0.824254 3.876873e+00 3.867285e-02
0.848037 0.848037 2.807649e+00 2.806351e-02
0.818746 0.818746 4.332866e+00 4.330956e-02
0.853978 0.853978 2.200350e+00 2.198563e-02
0.798773 0.798773 7.767303e+00 7.761461e-02
0.846604 0.846604 4.342958e+00 4.338098e-02
0.822568 0.822568 4.150612e+00 4.149719e-02
0.860451 0.860451 1.460422e+00 1.456886e-02
0.832008 0.832008 4.223125e+00 4.222726e-02
0.830153 0.830153 4.627244e+00 4.622551e-02
0.852037 0.852037 2.600452e+00 2.600352e-02
0.843161 0.843161 3.332152e+00 3.324395e-02
0.884974 0.884974 9.701454e-01 9.656128e-03
0.873321 0.873321 1.280695e+00 1.274730e-02
0.843450 0.843450 4.363947e+00 4.350562e-02
0.825858 0.825858 5.486556e+00 5.482733e-02
0.820641 0.820641 4.302191e+00 4.297968e-02
0.858811 0.858811 1.152912e+00 1.151730e-02
0.933797 0.933797 4.711806e-01 4.676747e-03
0.821104 0.821104 4.248253e+00 4.241093e-02
0.814013 0.814013 6.071600e+00 6.068768e-02
0.864812 0.864812 1.767987e+00 1.763675e-02
0.859669 0.859669 2.702724e+00 2.702125e-02
0.872440 0.872440 1.011289e+00 1.010811e-02
0.842582 0.842582 2.589356e+00 2.582774e-02
0.850305 0.850305 1.973110e+00 1.968116e-02
0.868375 0.868375 1.890428e+00 1.887059e-02
0.774708 0.774708 9.971297e+00 9.964041e-02
0.836577 0.836577 3.390025e+00 3.389131e-02
0.906724 0.906724 4.993393e-01 4.926725e-03
0.895651 0.895651 5.825598e-01 5.801346e-03
0.846072 0.846072 1.558912e+00 1.558849e-02
0.842212 0.842212 2.834171e+00 2.826334e-02
0.785326 0.785326 7.384152e+00 7.380599e-02
0.847940 0.847940 1.529514e+00 1.525782e-02
0.804087 0.804087 6.069983e+00 6.066404e-02
0.841731 0.841731 3.059504e+00 3.057494e-02
0.831739 0.831739 4.085411e+00 4.083162e-02
0.831708 0.831708 3.157352e+00 3.153735e-02
0.856820 0.856820 2.879838e+00 2.879317e-02
0.823104 0.823104 4.675277e+00 4.666243e-02
0.880195 0.880195 8.126777e-01 8.090797e-03
0.868212 0.868212 1.509436e+00 1.508654e-02
0.863092 0.863092 1.296189e+00 1.296073e-02
0.787160 0.787160 7.358129e+00 7.351315e-02
0.835276 0.835276 2.650138e+00 2.649071e-02
0.830752 0.830752 3.071180e+00 3.070188e-02
0.833903 0.833903 3.516635e+00 3.511777e-02
0.763489 0.763489 1.533656e+01 1.532046e-01
0.850989 0.850989 2.271945e+00 2.271729e-02
0.854441 0.854441 1.635993e+00 1.635837e-02
0.877441 0.877441 1.328692e+00 1.326929e-02
0.856971 0.856971 1.043657e+00 1.042928e-02
0.861305 0.861305 1.758178e+00 1.757375e-02
0.872617 0.872617 1.077473e+00 1.075514e-02
0.832942 0.832942 4.641263e+00 4.632959e-02
0.873436 0.873436 6.600535e-01 6.594946e-03
0.888801 0.888801 8.256147e-01 8.239456e-03
0.811001 0.811001 6.687159e+00 6.679794e-02
0.863743 0.863743 1.334530e+00 1.333410e-02
0.805384 0.805384 8.079996e+00 8.079136e-02
0.859630 0.859630 2.110521e+00 2.108412e-02
