0.780408 0.780408 8.634631e+00 8.628883e-02
0.864105 0.864105 1.215514e+00 1.211041e-02
0.851235 0.851235 1.647209e+00 1.644808e-02
0.872671 0.872671 1.100894e+00 1.093854e-02
0.833026 0.833026 2.704563e+00 2.704407e-02
0.833703 0.833703 3.699997e+00 3.694146e-02
0.858488 0.858488 1.732015e+00 1.731803e-02
0.820579 0.820579 4.886034e+00 4.881159e-02
0.805143 0.805143 7.133846e+00 7.120720e-02
0.848660 0.848660 2.280277e+00 2.277316e-02
0.794338 0.794338 7.533530e+00 7.533064e-02
0.882909 0.882909 1.170543e+00 1.165434e-02
0.849779 0.849779 4.025036e+00 4.018588e-02
0.822939 0.822939 2.947022e+00 2.946029e-02
0.859536 0.859536 2.097592e+00 2.097192e-02
0.880164 0.880164 9.861542e-01 9.813186e-03
0.830379 0.830379 3.962269e+00 3.959575e-02
0.806900 0.806900 5.715570e+00 5.704703e-02
0.854018 0.854018 1.586809e+00 1.583021e-02
0.788664 0.788664 8.941184e+00 8.934540e-02
0.804634 0.804634 6.240868e+00 6.233883e-02
0.823639 0.823639 3.242025e+00 3.230828e-02
0.844483 0.844483 2.424345e+00 2.422833e-02
0.824658 0.824658 3.526146e+00 3.525529e-02
0.779036 0.779036 1.030708e+01 1.030083e-01
0.820678 0.820678 3.808108e+00 3.802301e-02
0.848747 0.848747 2.850043e+00 2.842022e-02
0.856707 0.856707 1.947039e+00 1.939789e-02
0.845785 0.845785 4.360710e+00 4.355404e-02
0.860303 0.860303 2.054230e+00 2.053731e-02
0.866802 0.866802 1.159797e+00 1.156195e-02
0.877722 0.877722 6.817115e-01 6.809033e-03
0.850850 0.850850 1.765849e+00 1.764059e-02
0.853673 0.853673 2.364523e+00 2.358501e-02
0.836811 0.836811 3.060641e+00 3.057743e-02
0.849285 0.849285 2.150979e+00 2.149808e-02
0.873842 0.873842 9.805261e-01 9.779949e-03
0.902844 0.902844 5.217940e-01 5.165449e-03
0.844343 0.844343 2.891526e+00 2.887584e-02
0.820798 0.820798 4.891428e+00 4.888636e-02
0.849055 0.849055 2.668976e+00 2.665577e-02
0.880214 0.880214 8.799049e-01 8.798081e-03
0.827058 0.827058 3.555272e+00 3.549503e-02
0.807289 0.807289 5.562529e+00 5.562381e-02
0.799039 0.799039 1.009699e+01 1.009638e-01
0.796181 0.796181 8.551076e+00 8.544177e-02
0.813801 0.813801 4.960688e+00 4.951653e-02
0.868400 0.868400 1.294589e+00 1.292675e-02
0.803378 0.803378 5.898811e+00 5.887776e-02
0.832106 0.832106 3.536641e+00 3.531943e-02
0.865019 0.865019 2.016826e+00 2.013803e-02
0.878332 0.878332 1.122389e+00 1.119110e-02
0.861812 0.861812 9.436454e-01 9.432943e-03
0.820671 0.820671 2.598785e+00 2.591223e-02
0.807169 0.807169 7.914625e+00 7.907742e-02
0.832843 0.832843 2.474460e+00 2.474369e-02
0.873736 0.873736 9.633055e-01 9.603627e-03
0.812426 0.812426 5.661151e+00 5.650765e-02
0.877216 0.877216 1.015877e+00 1.013227e-02
0.848710 0.848710 3.920092e+00 3.905511e-02
0.862853 0.862853 1.283230e+00 1.280153e-02
0.881023 0.881023 6.650865e-01 6.637343e-03
0.853387 0.853387 1.972237e+00 1.970509e-02
0.844393 0.844393 1.507957e+00 1.505863e-02
0.842060 0.842060 2.668386e+00 2.666165e-02
0.851740 0.851740 1.508115e+00 1.505464e-02
0.884769 0.884769 8.264887e-01 8.246407e-03
0.855001 0.855001 9.899294e-01 9.881302e-03
0.881312 0.881312 8.178248e-01 8.136730e-03
0.833509 0.833509 3.486211e+00 3.482869e-02
0.873902 0.873902 1.267329e+00 1.264670e-02
0.841019 0.841019 2.306897e+00 2.302030e-02
0.810118 0.810118 4.590598e+00 4.582359e-02
0.803216 0.803216 3.499832e+00 3.497548e-02
0.861932 0.861932 2.061031e+00 2.057759e-02
0.880021 0.880021 1.166906e+00 1.164054e-02
0.818852 0.818852 6.867095e+00 6.856049e-02
0.873827 0.873827 1.351751e+00 1.348848e-02
0.837288 0.837288 2.984320e+00 2.976100e-02
0.839127 0.839127 4.241722e+00 4.226524e-02
0.871347 0.871347 1.660592e+00 1.653310e-02
0.867723 0.867723 1.216443e+00 1.212188e-02
0.868959 0.868959 1.685097e+00 1.682890e-02
0.872874 0.872874 2.016195e+00 2.008176e-02
0.845188 0.845188 3.542835e+00 3.530839e-02
0.896241 0.896241 7.138977e-01 7.129487e-03
0.796885 0.796885 7.499317e+00 7.492226e-02
0.888865 0.888865 8.845404e-01 8.821242e-03
0.857740 0.857740 1.200446e+00 1.199362e-02
0.802531 0.802531 7.883328e+00 7.875654e-02
0.873061 0.873061 1.115267e+00 1.114191e-02
0.869824 0.869824 2.113651e+00 2.107182e-02
0.873582 0.873582 9.067293e-01 9.051377e-03
0.825742 0.825742 3.830805e+00 3.824786e-02
0.789068 0.789068 9.741497e+00 9.736806e-02
0.879234 0.879234 1.255240e+00 1.250809e-02
0.789339 0.789339 6.660708e+00 6.660576e-02
0.874003 0.874003 7.944961e-01 7.928226e-03
0.825304 0.825304 3.158123e+00 3.157693e-02
0.837050 0.837050 2.564714e+00 2.564263e-02
0.778899 0.778899 1.152548e+01 1.151356e-01
0.829108 0.829108 3.880021e+00 3.876968e-02
0.840545 0.840545 2.851048e+00 2.845481e-02
0.869672 0.869672 1.779113e+00 1.777753e-02
0.877318 0.877318 1.800726e+00 1.800178e-02
0.833982 0.833982 2.171750e+00 2.171231e-02
0.878737 0.878737 9.247607e-01 9.188943e-03
0.840445 0.840445 2.545225e+00 2.543679e-02
0.858755 0.858755 1.058109e+00 1.053423e-02
0.845206 0.845206 2.715235e+00 2.708457e-02
0.851813 0.851813 2.673978e+00 2.672221e-02
0.777519 0.777519 1.090967e+01 1.088799e-01
0.868804 0.868804 1.150956e+00 1.146533e-02
0.876326 0.876326 1.350210e+00 1.347901e-02
0.879686 0.879686 1.217362e+00 1.214565e-02
0.861608 0.861608 2.154562e+00 2.142275e-02
0.830564 0.830564 5.402886e+00 5.384420e-02
0.819955 0.819955 5.320395e+00 5.319178e-02
0.821052 0.821052 3.493384e+00 3.482400e-02
0.840183 0.840183 3.802194e+00 3.796561e-02
0.834315 0.834315 3.646848e+00 3.641824e-02
0.829262 0.829262 4.918959e+00 4.909222e-02
0.827428 0.827428 3.211976e+00 3.205470e-02
0.797454 0.797454 7.189985e+00 7.176806e-02
0.765129 0.765129 9.924293e+00 9.922037e-02
0.844740 0.844740 2.740753e+00 2.736357e-02
0.886170 0.886170 9.897027e-01 9.893478e-03
0.825775 0.825775 5.755039e+00 5.743956e-02
0.774726 0.774726 1.037421e+01 1.036534e-01
0.832475 0.832475 5.749186e+00 5.740090e-02
0.846949 0.846949 1.724503e+00 1.723122e-02
0.904465 0.904465 6.588458e-01 6.569420e-03
0.862578 0.862578 1.481215e+00 1.478192e-02
0.871735 0.871735 1.392914e+00 1.389947e-02
0.876251 0.876251 1.347266e+00 1.345268e-02
0.888191 0.888191 6.483556e-01 6.461830e-03
0.882003 0.882003 6.804537e-01 6.778166e-03
0.790815 0.790815 9.680306e+00 9.679814e-02
0.822392 0.822392 3.203736e+00 3.201030e-02
0.874701 0.874701 9.778744e-01 9.731165e-03
0.784878 0.784878 8.668699e+00 8.661801e-02
0.826968 0.826968 4.429374e+00 4.423687e-02
0.843870 0.843870 1.937168e+00 1.932597e-02
0.887024 0.887024 9.277999e-01 9.234866e-03
0.873022 0.873022 1.032581e+00 1.027259e-02
0.867949 0.867949 1.427036e+00 1.425814e-02
0.869616 0.869616 1.644265e+00 1.640335e-02
0.795903 0.795903 7.596050e+00 7.585861e-02
0.801017 0.801017 6.915291e+00 6.902053e-02
0.868860 0.868860 1.998091e+00 1.997855e-02
0.750564 0.750564 1.449954e+01 1.448647e-01
0.844709 0.844709 3.631101e+00 3.630724e-02
0.860028 0.860028 2.202329e+00 2.196926e-02
0.809031 0.809031 4.768044e+00 4.766966e-02
0.833962 0.833962 5.273981e+00 5.262092e-02
0.859228 0.859228 2.143560e+00 2.135141e-02
0.852389 0.852389 2.694749e+00 2.693870e-02
0.796723 0.796723 6.045159e+00 6.044332e-02
0.811726 0.811726 6.502749e+00 6.488313e-02
0.862116 0.862116 1.504932e+00 1.504831e-02
0.845015 0.845015 2.209222e+00 2.201855e-02
0.878272 0.878272 1.269619e+00 1.266422e-02
0.870441 0.870441 1.593750e+00 1.585596e-02
0.789529 0.789529 7.237606e+00 7.231889e-02
0.883847 0.883847 1.006866e+00 1.003239e-02
0.841160 0.841160 3.151839e+00 3.151194e-02
0.893346 0.893346 6.940033e-01 6.873303e-03
0.837530 0.837530 3.225067e+00 3.220589e-02
0.852259 0.852259 2.795548e+00 2.791217e-02
0.840038 0.840038 3.463281e+00 3.452543e-02
0.849948 0.849948 2.522183e+00 2.520486e-02
0.858960 0.858960 2.007354e+00 2.004988e-02
0.860648 0.860648 1.493827e+00 1.492474e-02
0.761946 0.761946 1.306940e+01 1.306184e-01
0.832482 0.832482 4.288828e+00 4.279394e-02
0.835805 0.835805 4.726287e+00 4.716197e-02
0.840422 0.840422 2.185776e+00 2.180998e-02
0.850964 0.850964 2.167765e+00 2.167182e-02
0.835639 0.835639 2.671192e+00 2.669503e-02
0.848696 0.848696 1.972408e+00 1.966907e-02
0.832319 0.832319 5.533969e+00 5.525466e-02
0.855392 0.855392 1.744241e+00 1.743821e-02
0.874974 0.874974 9.698060e-01 9.659507e-03
0.856404 0.856404 3.761918e+00 3.757810e-02
0.844289 0.844289 2.205418e+00 2.201107e-02
0.804615 0.804615 5.142032e+00 5.137966e-02
0.824456 0.824456 3.572366e+00 3.568520e-02
0.824612 0.824612 5.006832e+00 5.005027e-02
0.854682 0.854682 1.336744e+00 1.335343e-02
0.872986 0.872986 1.399570e+00 1.396959e-02
0.867245 0.867245 1.772330e+00 1.766619e-02
0.801433 0.801433 6.483052e+00 6.476106e-02
0.862755 0.862755 1.260567e+00 1.255161e-02
0.816119 0.816119 4.794848e+00 4.786444e-02
0.838933 0.838933 3.124035e+00 3.123636e-02
0.855909 0.855909 1.644341e+00 1.642605e-02
0.820308 0.820308 2.986649e+00 2.985374e-02
0.844435 0.844435 4.345992e+00 4.331430e-02
0.884150 0.884150 1.084360e+00 1.083899e-02
0.835974 0.835974 4.695483e+00 4.694735e-02
0.782469 0.782469 1.025072e+01 1.024886e-01
0.780526 0.780526 1.012437e+01 1.010354e-01
0.862658 0.862658 1.194989e+00 1.191399e-02
0.847467 0.847467 2.446890e+00 2.440496e-02
0.807655 0.807655 5.446575e+00 5.444023e-02
0.887991 0.887991 6.562507e-01 6.543821e-03
0.859568 0.859568 1.077141e+00 1.075822e-02
0.812749 0.812749 4.716676e+00 4.709263e-02
0.802349 0.802349 8.555784e+00 8.548275e-02
0.896681 0.896681 6.312248e-01 6.243370e-03
0.861633 0.861633 2.308618e+00 2.297522e-02
0.866046 0.866046 1.733525e+00 1.731350e-02
0.872903 0.872903 1.949852e+00 1.948433e-02
0.869430 0.869430 1.912233e+00 1.907005e-02
0.851576 0.851576 3.066056e+00 3.061339e-02
0.881262 0.881262 1.000013e+00 9.968329e-03
0.837808 0.837808 4.425003e+00 4.415430e-02
0.879358 0.879358 1.609981e+00 1.604601e-02
0.880587 0.880587 8.146438e-01 8.123028e-03
0.766184 0.766184 9.339363e+00 9.337007e-02
0.884867 0.884867 8.215208e-01 8.206971e-03
0.868107 0.868107 1.851647e+00 1.851229e-02
0.882249 0.882249 9.495733e-01 9.479186e-03
0.836183 0.836183 2.769066e+00 2.763026e-02
0.815117 0.815117 4.628792e+00 4.623709e-02
0.813760 0.813760 5.234499e+00 5.226154e-02
0.818313 0.818313 7.189263e+00 7.175169e-02
0.829421 0.829421 3.160912e+00 3.159833e-02
0.820526 0.820526 3.884938e+00 3.877670e-02
0.870435 0.870435 1.897371e+00 1.891721e-02
0.849952 0.849952 2.348523e+00 2.345348e-02
0.810031 0.810031 5.691855e+00 5.690799e-02
0.819798 0.819798 5.467866e+00 5.461566e-02
0.861745 0.861745 1.876207e+00 1.871230e-02
0.816004 0.816004 6.023598e+00 6.016775e-02
0.837900 0.837900 2.942212e+00 2.941244e-02
0.814438 0.814438 5.538596e+00 5.529315e-02
0.791110 0.791110 6.467973e+00 6.467217e-02
0.800300 0.800300 8.018121e+00 8.006735e-02
0.818767 0.818767 7.031790e+00 7.015276e-02
0.850469 0.850469 2.621339e+00 2.619223e-02
0.772647 0.772647 1.067562e+01 1.065930e-01
0.846746 0.846746 3.408317e+00 3.403107e-02
0.844710 0.844710 2.889449e+00 2.885510e-02
0.870089 0.870089 1.193251e+00 1.189910e-02
0.810454 0.810454 5.210621e+00 5.206728e-02
0.812096 0.812096 5.890195e+00 5.887241e-02
0.813124 0.813124 5.400162e+00 5.397935e-02
0.871529 0.871529 1.210860e+00 1.210458e-02
0.827265 0.827265 3.478597e+00 3.476253e-02
0.865340 0.865340 1.294993e+00 1.293626e-02
0.844321 0.844321 3.411445e+00 3.402271e-02
0.811526 0.811526 6.802306e+00 6.801724e-02
0.859765 0.859765 1.087842e+00 1.087299e-02
0.846330 0.846330 2.293025e+00 2.283657e-02
0.843533 0.843533 2.678736e+00 2.678232e-02
0.904896 0.904896 4.682455e-01 4.629985e-03
0.864293 0.864293 1.812231e+00 1.807561e-02
0.807642 0.807642 7.189661e+00 7.176934e-02
0.885003 0.885003 7.994567e-01 7.956474e-03
0.845051 0.845051 2.577811e+00 2.573302e-02
0.864482 0.864482 1.315568e+00 1.311561e-02
0.831686 0.831686 4.180444e+00 4.169309e-02
0.875897 0.875897 1.338745e+00 1.336861e-02
0.871181 0.871181 1.336349e+00 1.336310e-02
0.886086 0.886086 7.219326e-01 7.196380e-03
0.870560 0.870560 1.165086e+00 1.160166e-02
0.840749 0.840749 4.037291e+00 4.027535e-02
0.888042 0.888042 8.740130e-01 8.719601e-03
0.839383 0.839383 3.783194e+00 3.781987e-02
0.848021 0.848021 2.945844e+00 2.939452e-02
0.852374 0.852374 2.706971e+00 2.696795e-02
0.873760 0.873760 1.003038e+00 1.002941e-02
0.835296 0.835296 2.049518e+00 2.048092e-02
0.831786 0.831786 4.032084e+00 4.030072e-02
0.864535 0.864535 1.655833e+00 1.651225e-02
0.879281 0.879281 1.124534e+00 1.121666e-02
0.849757 0.849757 2.280846e+00 2.272174e-02
0.834546 0.834546 2.962827e+00 2.960122e-02
0.856678 0.856678 1.978067e+00 1.976690e-02
0.826215 0.826215 4.707597e+00 4.698148e-02
0.792027 0.792027 6.306648e+00 6.300891e-02
0.862388 0.862388 1.766770e+00 1.766682e-02
0.856581 0.856581 2.821197e+00 2.819343e-02
0.854979 0.854979 1.817283e+00 1.815375e-02
0.775941 0.775941 1.067679e+01 1.067437e-01
0.855288 0.855288 1.392554e+00 1.386128e-02
0.870200 0.870200 8.762024e-01 8.749122e-03
0.855804 0.855804 1.886435e+00 1.885026e-02
0.800549 0.800549 7.618174e+00 7.613789e-02
0.828863 0.828863 4.799753e+00 4.794669e-02
0.885961 0.885961 1.264223e+00 1.262703e-02
0.816951 0.816951 7.763570e+00 7.753577e-02
0.844954 0.844954 2.755102e+00 2.750372e-02
0.833549 0.833549 4.340101e+00 4.335398e-02
0.781001 0.781001 1.202722e+01 1.201991e-01
0.827160 0.827160 3.973740e+00 3.966010e-02
0.832471 0.832471 5.037066e+00 5.027696e-02
0.867654 0.867654 1.640244e+00 1.639010e-02
0.846620 0.846620 3.136213e+00 3.133356e-02
0.879186 0.879186 1.299950e+00 1.297309e-02
0.840081 0.840081 3.953381e+00 3.950041e-02
0.865879 0.865879 9.921862e-01 9.876998e-03
0.819820 0.819820 4.217327e+00 4.209559e-02
0.850779 0.850779 2.737851e+00 2.726992e-02
0.831880 0.831880 4.598027e+00 4.594585e-02
0.860913 0.860913 1.386633e+00 1.383013e-02
0.865083 0.865083 1.319098e+00 1.312328e-02
0.820368 0.820368 4.586539e+00 4.581311e-02
0.836675 0.836675 2.847333e+00 2.845549e-02
0.774477 0.774477 9.552092e+00 9.546379e-02
0.852027 0.852027 2.118081e+00 2.108199e-02
0.804493 0.804493 6.670803e+00 6.670797e-02
0.902489 0.902489 6.553544e-01 6.522577e-03
0.785142 0.785142 9.423145e+00 9.421723e-02
0.871230 0.871230 1.605833e+00 1.598893e-02
0.860254 0.860254 1.838762e+00 1.835755e-02
0.795421 0.795421 8.080778e+00 8.071923e-02
0.804174 0.804174 5.974302e+00 5.969604e-02
0.786047 0.786047 9.404157e+00 9.384416e-02
0.844171 0.844171 3.444192e+00 3.435969e-02
0.866556 0.866556 1.311369e+00 1.306553e-02
0.816244 0.816244 6.533442e+00 6.517054e-02
0.803688 0.803688 6.315883e+00 6.312565e-02
0.829969 0.829969 4.807740e+00 4.802955e-02
0.843426 0.843426 2.600533e+00 2.597490e-02
0.833061 0.833061 2.853436e+00 2.848123e-02
0.827581 0.827581 4.660062e+00 4.657422e-02
0.843767 0.843767 2.259754e+00 2.251152e-02
0.789072 0.789072 6.324835e+00 6.320878e-02
0.844949 0.844949 3.165270e+00 3.161321e-02
0.851460 0.851460 1.299342e+00 1.298266e-02
0.842707 0.842707 4.121889e+00 4.115275e-02
0.866009 0.866009 1.791163e+00 1.789617e-02
0.848394 0.848394 1.957151e+00 1.955326e-02
0.823934 0.823934 3.305458e+00 3.302872e-02
0.856412 0.856412 1.354964e+00 1.350892e-02
0.859413 0.859413 1.863585e+00 1.861072e-02
0.857202 0.857202 1.676524e+00 1.669776e-02
0.820230 0.820230 6.318982e+00 6.315411e-02
0.848690 0.848690 2.935162e+00 2.932214e-02
0.779594 0.779594 1.035123e+01 1.034722e-01
0.879738 0.879738 8.844834e-01 8.807446e-03
0.860854 0.860854 2.115677e+00 2.109488e-02
0.853607 0.853607 2.618416e+00 2.617942e-02
0.855902 0.855902 2.205153e+00 2.199973e-02
0.868187 0.868187 1.452334e+00 1.450567e-02
0.820910 0.820910 3.750365e+00 3.742531e-02
0.861576 0.861576 2.187597e+00 2.183762e-02
0.789164 0.789164 8.944463e+00 8.936907e-02
0.833322 0.833322 3.301157e+00 3.300391e-02
0.845456 0.845456 3.637269e+00 3.633146e-02
0.886833 0.886833 9.575798e-01 9.544914e-03
0.802415 0.802415 9.055552e+00 9.050419e-02
0.799200 0.799200 8.412740e+00 8.407214e-02
0.832508 0.832508 2.654517e+00 2.652051e-02
0.842594 0.842594 2.265029e+00 2.258239e-02
0.855743 0.855743 1.419730e+00 1.419521e-02
0.791066 0.791066 5.271155e+00 5.269293e-02
0.794257 0.794257 8.244227e+00 8.238088e-02
0.847022 0.847022 3.156431e+00 3.147900e-02
0.834059 0.834059 2.737095e+00 2.730489e-02
0.803903 0.803903 6.256341e+00 6.251534e-02
0.802872 0.802872 8.308449e+00 8.306204e-02
0.847805 0.847805 2.260939e+00 2.253460e-02
0.859830 0.859830 1.884960e+00 1.884873e-02
0.875686 0.875686 1.252982e+00 1.252372e-02
0.865750 0.865750 2.217946e+00 2.216927e-02
0.821159 0.821159 4.596601e+00 4.595595e-02
0.810179 0.810179 5.338726e+00 5.334077e-02
0.865550 0.865550 1.645418e+00 1.644719e-02
0.842331 0.842331 3.512829e+00 3.507887e-02
0.845319 0.845319 1.992569e+00 1.989898e-02
0.869598 0.869598 1.329473e+00 1.327051e-02
0.829715 0.829715 2.854076e+00 2.850398e-02
0.860346 0.860346 1.557531e+00 1.552883e-02
0.918200 0.918200 4.132056e-01 4.065545e-03
0.866046 0.866046 1.809191e+00 1.808541e-02
0.814333 0.814333 5.659101e+00 5.657913e-02
0.874534 0.874534 8.039634e-01 8.013569e-03
0.851645 0.851645 2.019279e+00 2.017165e-02
0.774649 0.774649 8.679502e+00 8.678361e-02
0.814183 0.814183 6.034459e+00 6.028072e-02
0.875359 0.875359 1.162945e+00 1.161068e-02
0.796430 0.796430 7.027753e+00 7.017714e-02
0.847223 0.847223 1.543113e+00 1.540078e-02
0.835484 0.835484 4.193242e+00 4.191922e-02
0.852257 0.852257 3.203324e+00 3.194928e-02
0.847151 0.847151 1.837339e+00 1.833753e-02
0.878375 0.878375 9.303090e-01 9.297054e-03
0.870671 0.870671 1.436849e+00 1.435902e-02
0.891109 0.891109 7.560980e-01 7.524541e-03
0.862185 0.862185 1.348486e+00 1.344718e-02
0.845953 0.845953 3.060337e+00 3.051483e-02
0.832816 0.832816 4.913658e+00 4.901877e-02
0.879178 0.879178 1.060603e+00 1.060382e-02
0.883274 0.883274 6.848426e-01 6.829330e-03
0.860530 0.860530 2.050542e+00 2.041451e-02
0.865132 0.865132 1.547905e+00 1.542978e-02
0.831485 0.831485 4.048413e+00 4.047656e-02
0.834134 0.834134 2.532649e+00 2.532473e-02
0.823116 0.823116 3.985002e+00 3.984747e-02
0.847054 0.847054 2.873967e+00 2.870783e-02
0.823856 0.823856 5.705436e+00 5.700926e-02
0.777024 0.777024 9.123264e+00 9.119124e-02
0.863795 0.863795 2.821582e+00 2.816337e-02
0.859224 0.859224 2.012835e+00 2.010998e-02
0.806106 0.806106 7.691154e+00 7.690572e-02
0.851505 0.851505 1.783674e+00 1.773619e-02
0.864848 0.864848 1.831892e+00 1.826804e-02
0.797016 0.797016 5.958497e+00 5.955653e-02
0.852036 0.852036 2.734469e+00 2.734374e-02
0.820771 0.820771 3.430797e+00 3.429263e-02
0.786261 0.786261 6.673555e+00 6.672394e-02
0.810455 0.810455 5.000992e+00 4.998828e-02
0.845258 0.845258 3.946104e+00 3.939341e-02
0.860747 0.860747 2.016142e+00 2.013377e-02
0.869514 0.869514 1.141916e+00 1.137914e-02
0.852343 0.852343 1.780189e+00 1.779511e-02
0.784115 0.784115 1.169623e+01 1.169398e-01
0.852001 0.852001 1.259843e+00 1.257987e-02
0.780726 0.780726 1.270648e+01 1.270455e-01
0.858143 0.858143 2.040735e+00 2.038696e-02
0.865668 0.865668 1.572445e+00 1.565058e-02
0.836046 0.836046 3.749707e+00 3.742297e-02
0.858757 0.858757 1.671675e+00 1.670696e-02
0.815095 0.815095 5.198103e+00 5.198092e-02
0.831531 0.831531 2.681451e+00 2.678636e-02
0.865516 0.865516 1.597094e+00 1.590707e-02
0.792467 0.792467 8.111968e+00 8.108370e-02
0.885276 0.885276 6.888043e-01 6.886830e-03
0.871258 0.871258 9.607326e-01 9.574029e-03
0.894425 0.894425 5.750607e-01 5.709942e-03
0.826416 0.826416 4.373715e+00 4.368628e-02
0.856524 0.856524 3.071231e+00 3.059413e-02
0.854329 0.854329 1.030052e+00 1.029592e-02
0.788891 0.788891 8.838358e+00 8.829488e-02
0.846762 0.846762 2.809952e+00 2.806542e-02
0.813872 0.813872 2.909971e+00 2.908513e-02
0.804897 0.804897 4.715627e+00 4.708925e-02
0.766145 0.766145 1.089872e+01 1.089527e-01
0.844821 0.844821 3.299086e+00 3.296329e-02
0.872742 0.872742 1.302311e+00 1.299422e-02
0.844789 0.844789 3.764866e+00 3.759083e-02
0.797707 0.797707 6.522499e+00 6.516400e-02
0.885904 0.885904 9.797132e-01 9.777553e-03
0.849573 0.849573 3.564526e+00 3.563865e-02
0.867845 0.867845 1.638185e+00 1.633814e-02
0.862845 0.862845 1.468537e+00 1.467847e-02
0.855243 0.855243 2.203528e+00 2.200939e-02
0.774068 0.774068 9.729762e+00 9.724650e-02
0.836337 0.836337 3.251892e+00 3.243472e-02
0.863626 0.863626 1.875196e+00 1.871553e-02
0.852658 0.852658 2.893661e+00 2.891065e-02
0.863042 0.863042 1.604281e+00 1.601332e-02
0.782673 0.782673 7.971245e+00 7.968636e-02
0.809008 0.809008 6.733247e+00 6.722651e-02
0.836233 0.836233 3.463470e+00 3.462242e-02
0.880596 0.880596 1.262017e+00 1.256410e-02
0.856786 0.856786 1.932620e+00 1.932227e-02
0.855231 0.855231 1.972316e+00 1.972249e-02
0.883815 0.883815 9.550647e-01 9.510458e-03
0.825226 0.825226 4.885661e+00 4.877497e-02
0.833078 0.833078 3.671763e+00 3.671036e-02
0.832298 0.832298 2.899054e+00 2.893717e-02
0.817057 0.817057 5.379120e+00 5.373597e-02
0.838751 0.838751 3.041053e+00 3.036797e-02
0.859329 0.859329 1.579029e+00 1.572721e-02
0.858791 0.858791 1.368057e+00 1.366525e-02
0.868641 0.868641 1.100519e+00 1.099854e-02
0.834179 0.834179 3.792460e+00 3.790930e-02
0.888080 0.888080 8.113121e-01 8.078495e-03
0.850647 0.850647 3.118809e+00 3.118418e-02
0.813358 0.813358 5.558172e+00 5.546119e-02
0.892929 0.892929 6.907543e-01 6.893466e-03
0.841635 0.841635 3.805510e+00 3.797257e-02
0.811541 0.811541 5.151577e+00 5.140218e-02
0.817007 0.817007 6.203339e+00 6.191398e-02
0.851507 0.851507 2.320015e+00 2.314931e-02
0.845450 0.845450 3.024506e+00 3.020187e-02
0.905117 0.905117 6.007526e-01 5.913983e-03
0.863237 0.863237 1.254788e+00 1.250815e-02
0.782259 0.782259 1.089091e+01 1.088247e-01
0.778904 0.778904 1.172212e+01 1.171646e-01
0.841378 0.841378 1.473696e+00 1.471704e-02
0.869728 0.869728 1.483322e+00 1.483149e-02
0.840774 0.840774 2.947850e+00 2.937635e-02
0.853391 0.853391 1.760962e+00 1.759152e-02
0.861146 0.861146 1.999502e+00 1.996786e-02
0.864251 0.864251 1.658789e+00 1.657095e-02
0.867420 0.867420 2.137214e+00 2.134760e-02
0.781965 0.781965 8.982443e+00 8.979334e-02
0.843475 0.843475 2.347920e+00 2.347372e-02
0.855607 0.855607 2.136720e+00 2.131467e-02
0.821185 0.821185 4.903906e+00 4.901277e-02
0.860362 0.860362 1.426965e+00 1.425700e-02
0.834833 0.834833 4.720765e+00 4.708894e-02
0.872968 0.872968 1.222222e+00 1.220891e-02
0.854149 0.854149 1.133335e+00 1.131549e-02
0.763226 0.763226 1.121946e+01 1.121240e-01
