0.997875 0.997875 2.066654e-01 2.040533e-03
0.997722 0.997722 2.081841e-01 2.049286e-03
0.997607 0.997607 2.101007e-01 2.062947e-03
0.997550 0.997550 2.087870e-01 2.056777e-03
0.997484 0.997484 2.086892e-01 2.053832e-03
0.997692 0.997692 2.051312e-01 2.029906e-03
0.997026 0.997026 2.189179e-01 2.187677e-03
0.997079 0.997079 2.139248e-01 2.128346e-03
0.997394 0.997394 2.070731e-01 2.047341e-03
0.997122 0.997122 2.097317e-01 2.061971e-03
0.996547 0.996547 2.233472e-01 2.218197e-03
0.996446 0.996446 2.259201e-01 2.235708e-03
0.996475 0.996475 2.230671e-01 2.223190e-03
0.996348 0.996348 2.219753e-01 2.210969e-03
0.996731 0.996731 2.113927e-01 2.103776e-03
0.996521 0.996521 2.141297e-01 2.133600e-03
0.996750 0.996750 2.101540e-01 2.100184e-03
0.995890 0.995890 2.297748e-01 2.285959e-03
0.995567 0.995567 2.330705e-01 2.290319e-03
0.996184 0.996184 2.152000e-01 2.139879e-03
0.994995 0.994995 2.337947e-01 2.302798e-03
0.996100 0.996100 2.130328e-01 2.095152e-03
0.994851 0.994851 2.549188e-01 2.529082e-03
0.994986 0.994986 2.372485e-01 2.318548e-03
0.995083 0.995083 2.315067e-01 2.273930e-03
0.994645 0.994645 2.462028e-01 2.387352e-03
0.994440 0.994440 2.454905e-01 2.445948e-03
0.994418 0.994418 2.397756e-01 2.350405e-03
0.994031 0.994031 2.494615e-01 2.484578e-03
0.996021 0.996021 2.120022e-01 2.117646e-03
0.994261 0.994261 2.555594e-01 2.522298e-03
0.993982 0.993982 2.613537e-01 2.572975e-03
0.994051 0.994051 2.468492e-01 2.395039e-03
0.994709 0.994709 2.287505e-01 2.266781e-03
0.993310 0.993310 2.673344e-01 2.652828e-03
0.994683 0.994683 2.267466e-01 2.233681e-03
0.994162 0.994162 2.342648e-01 2.320335e-03
0.993006 0.993006 2.944848e-01 2.892681e-03
0.993385 0.993385 2.590563e-01 2.516743e-03
0.992438 0.992438 3.061936e-01 2.993336e-03
0.993213 0.993213 2.477947e-01 2.475102e-03
0.992254 0.992254 2.730799e-01 2.714702e-03
0.992812 0.992812 2.732001e-01 2.726870e-03
0.992567 0.992567 2.638294e-01 2.595689e-03
0.992322 0.992322 2.840396e-01 2.776791e-03
0.992112 0.992112 2.907809e-01 2.872335e-03
0.992165 0.992165 2.804133e-01 2.796060e-03
0.992371 0.992371 2.719843e-01 2.667887e-03
0.991982 0.991982 2.796543e-01 2.700954e-03
0.992495 0.992495 2.423991e-01 2.392274e-03
0.991849 0.991849 2.720345e-01 2.701416e-03
0.992604 0.992604 2.513604e-01 2.507708e-03
0.990211 0.990211 3.321993e-01 3.272461e-03
0.991884 0.991884 2.801329e-01 2.757620e-03
0.991017 0.991017 3.069030e-01 3.042999e-03
0.992262 0.992262 2.466792e-01 2.427005e-03
0.991277 0.991277 2.736037e-01 2.733892e-03
0.990422 0.990422 3.229817e-01 3.167053e-03
0.991888 0.991888 2.553571e-01 2.459596e-03
0.993349 0.993349 2.291728e-01 2.289073e-03
0.991374 0.991374 2.648204e-01 2.638137e-03
0.991787 0.991787 2.627505e-01 2.567912e-03
0.995526 0.995526 2.073547e-01 2.057187e-03
0.989198 0.989198 3.560923e-01 3.531081e-03
0.989309 0.989309 3.199129e-01 3.175363e-03
0.991627 0.991627 2.553225e-01 2.518856e-03
0.990925 0.990925 2.668493e-01 2.643200e-03
0.989659 0.989659 2.852146e-01 2.756632e-03
0.993490 0.993490 2.237308e-01 2.217504e-03
0.988989 0.988989 3.535427e-01 3.496429e-03
0.989483 0.989483 3.140806e-01 3.083354e-03
0.989296 0.989296 3.036399e-01 3.026164e-03
0.988957 0.988957 2.978178e-01 2.900334e-03
0.989775 0.989775 2.776029e-01 2.737440e-03
0.989486 0.989486 3.094437e-01 3.045879e-03
0.988491 0.988491 4.008996e-01 3.949480e-03
0.989700 0.989700 2.868467e-01 2.809778e-03
0.988691 0.988691 2.953660e-01 2.907490e-03
0.989144 0.989144 2.624212e-01 2.623572e-03
0.987507 0.987507 4.209594e-01 4.181173e-03
0.987912 0.987912 3.741293e-01 3.658875e-03
0.988354 0.988354 3.085423e-01 3.048433e-03
0.987869 0.987869 3.618096e-01 3.580951e-03
0.988947 0.988947 2.822085e-01 2.794963e-03
0.985722 0.985722 3.973294e-01 3.874290e-03
0.986369 0.986369 4.211511e-01 4.112428e-03
0.987515 0.987515 3.407092e-01 3.386647e-03
0.987518 0.987518 3.252174e-01 3.110335e-03
0.986712 0.986712 3.815421e-01 3.764234e-03
0.988377 0.988377 2.983368e-01 2.926078e-03
0.985320 0.985320 4.977074e-01 4.969477e-03
0.986088 0.986088 4.104105e-01 3.986233e-03
0.988894 0.988894 2.780168e-01 2.714302e-03
0.987191 0.987191 3.250221e-01 3.170313e-03
0.987587 0.987587 3.156764e-01 3.099578e-03
0.985849 0.985849 3.871506e-01 3.755741e-03
0.986043 0.986043 3.980150e-01 3.911380e-03
0.986456 0.986456 3.347844e-01 3.333462e-03
0.992749 0.992749 2.160236e-01 2.136683e-03
0.987757 0.987757 2.978252e-01 2.961792e-03
0.985779 0.985779 4.986203e-01 4.907053e-03
0.986375 0.986375 3.277001e-01 3.233084e-03
0.988541 0.988541 2.529244e-01 2.500043e-03
0.985544 0.985544 3.479165e-01 3.370892e-03
0.991864 0.991864 2.182486e-01 2.169002e-03
0.984980 0.984980 3.847359e-01 3.841716e-03
0.984436 0.984436 4.459550e-01 4.442231e-03
0.984323 0.984323 4.424235e-01 4.399350e-03
0.984715 0.984715 4.248723e-01 4.204230e-03
0.984935 0.984935 3.489273e-01 3.379745e-03
0.982531 0.982531 5.312402e-01 5.232809e-03
0.988978 0.988978 2.533678e-01 2.506184e-03
0.986307 0.986307 3.184378e-01 3.099759e-03
0.983177 0.983177 5.262484e-01 5.245579e-03
0.986670 0.986670 2.883393e-01 2.877214e-03
0.983850 0.983850 4.171582e-01 4.122670e-03
0.981653 0.981653 5.492661e-01 5.327710e-03
0.983209 0.983209 5.113107e-01 5.076252e-03
0.986099 0.986099 2.895645e-01 2.889297e-03
0.983070 0.983070 3.747093e-01 3.647951e-03
0.983413 0.983413 3.854434e-01 3.843546e-03
0.982825 0.982825 5.245288e-01 5.140134e-03
0.985361 0.985361 2.805346e-01 2.747680e-03
0.983178 0.983178 3.626943e-01 3.569773e-03
0.987849 0.987849 2.459433e-01 2.443944e-03
0.991125 0.991125 2.225045e-01 2.211170e-03
0.984092 0.984092 3.488018e-01 3.437269e-03
0.984178 0.984178 3.598071e-01 3.468970e-03
0.982672 0.982672 4.858341e-01 4.751373e-03
0.978973 0.978973 7.639019e-01 7.579458e-03
0.979886 0.979886 7.133135e-01 7.132465e-03
0.982365 0.982365 3.914563e-01 3.843412e-03
0.979506 0.979506 5.957889e-01 5.880427e-03
0.981801 0.981801 5.422518e-01 5.336906e-03
0.986454 0.986454 2.810500e-01 2.790425e-03
0.981891 0.981891 5.143236e-01 4.907158e-03
0.983479 0.983479 3.599980e-01 3.532464e-03
0.980289 0.980289 5.167208e-01 5.049112e-03
0.988104 0.988104 2.385492e-01 2.338657e-03
0.987543 0.987543 2.717528e-01 2.678822e-03
0.978205 0.978205 7.654861e-01 7.503193e-03
0.985667 0.985667 2.773750e-01 2.766023e-03
0.983634 0.983634 3.362028e-01 3.339910e-03
0.986196 0.986196 2.512843e-01 2.500807e-03
0.981360 0.981360 5.018619e-01 4.904571e-03
0.983250 0.983250 3.407087e-01 3.362204e-03
0.984124 0.984124 2.834145e-01 2.802134e-03
0.975953 0.975953 7.851788e-01 7.773264e-03
0.979004 0.979004 5.361407e-01 5.359702e-03
0.979465 0.979465 5.221577e-01 5.088509e-03
0.983535 0.983535 3.163256e-01 3.104034e-03
0.985641 0.985641 2.691089e-01 2.685227e-03
0.980902 0.980902 4.829660e-01 4.823252e-03
0.978284 0.978284 6.253139e-01 6.199570e-03
0.982260 0.982260 3.304709e-01 3.295552e-03
0.980557 0.980557 4.574974e-01 4.540615e-03
0.986305 0.986305 2.630856e-01 2.576485e-03
0.980606 0.980606 3.888929e-01 3.826389e-03
0.979121 0.979121 4.533153e-01 4.434589e-03
0.979787 0.979787 4.038279e-01 4.022310e-03
0.982809 0.982809 3.242059e-01 3.199519e-03
0.984825 0.984825 2.786937e-01 2.771393e-03
0.978682 0.978682 4.389455e-01 4.324481e-03
0.974719 0.974719 8.079143e-01 7.976146e-03
0.981745 0.981745 3.489038e-01 3.454257e-03
0.980969 0.980969 4.383647e-01 4.344134e-03
0.977815 0.977815 6.021973e-01 5.987296e-03
0.976789 0.976789 5.073144e-01 5.051980e-03
0.981937 0.981937 3.540681e-01 3.410918e-03
0.977057 0.977057 4.544136e-01 4.505772e-03
0.985472 0.985472 2.644513e-01 2.611467e-03
0.977677 0.977677 6.739633e-01 6.543073e-03
0.980637 0.980637 3.680068e-01 3.606640e-03
0.971063 0.971063 1.140204e+00 1.133470e-02
0.977933 0.977933 4.747667e-01 4.588118e-03
0.972990 0.972990 1.040071e+00 1.033184e-02
0.980037 0.980037 3.531973e-01 3.389301e-03
0.977345 0.977345 4.919504e-01 4.801769e-03
0.981422 0.981422 3.088223e-01 3.063039e-03
0.972839 0.972839 1.067411e+00 1.063641e-02
0.976392 0.976392 6.365557e-01 6.255221e-03
0.974920 0.974920 5.602839e-01 5.544491e-03
0.973453 0.973453 7.510795e-01 7.465314e-03
0.974125 0.974125 7.500325e-01 7.320930e-03
0.976089 0.976089 6.014385e-01 5.873526e-03
0.976711 0.976711 4.397156e-01 4.297165e-03
0.970683 0.970683 1.157442e+00 1.155353e-02
0.976433 0.976433 4.598407e-01 4.566498e-03
0.973853 0.973853 5.359843e-01 5.291495e-03
0.987834 0.987834 2.358934e-01 2.343400e-03
0.971571 0.971571 9.420408e-01 9.290746e-03
0.980441 0.980441 3.580335e-01 3.535316e-03
0.976032 0.976032 4.771130e-01 4.643702e-03
0.971891 0.971891 7.704939e-01 7.543855e-03
0.977707 0.977707 4.148477e-01 4.052356e-03
0.972129 0.972129 9.838811e-01 9.748217e-03
0.973628 0.973628 5.719675e-01 5.507761e-03
0.970440 0.970440 9.444510e-01 9.356470e-03
0.984781 0.984781 2.542609e-01 2.534244e-03
0.975382 0.975382 4.902407e-01 4.823733e-03
0.989411 0.989411 2.181609e-01 2.168964e-03
0.972316 0.972316 6.693585e-01 6.649024e-03
0.980475 0.980475 3.188373e-01 3.128683e-03
0.974669 0.974669 5.497342e-01 5.447429e-03
0.976211 0.976211 4.414778e-01 4.314008e-03
0.978991 0.978991 4.240170e-01 4.239919e-03
0.970212 0.970212 1.163309e+00 1.154969e-02
0.965057 0.965057 1.681509e+00 1.681287e-02
0.979223 0.979223 2.925447e-01 2.913231e-03
0.980835 0.980835 3.228761e-01 3.122731e-03
0.975519 0.975519 4.197948e-01 4.137253e-03
0.970319 0.970319 8.373629e-01 8.362276e-03
0.973360 0.973360 5.217670e-01 5.141662e-03
0.968535 0.968535 8.903290e-01 8.840320e-03
0.970013 0.970013 8.711051e-01 8.700530e-03
0.965608 0.965608 1.457149e+00 1.452396e-02
0.967982 0.967982 1.491486e+00 1.480492e-02
0.974268 0.974268 4.918441e-01 4.890758e-03
0.971690 0.971690 6.312785e-01 6.262402e-03
0.977968 0.977968 4.457406e-01 4.452445e-03
0.988923 0.988923 2.206631e-01 2.191045e-03
0.968362 0.968362 1.280771e+00 1.272254e-02
0.969890 0.969890 9.317572e-01 9.181305e-03
0.987804 0.987804 2.230624e-01 2.153143e-03
0.965791 0.965791 1.222922e+00 1.220453e-02
0.978930 0.978930 3.475975e-01 3.451110e-03
0.972358 0.972358 6.529155e-01 6.525911e-03
0.970647 0.970647 8.674125e-01 8.629718e-03
0.953611 0.953611 2.479198e+00 2.466235e-02
0.969372 0.969372 9.815560e-01 9.743796e-03
0.980033 0.980033 2.911847e-01 2.892378e-03
0.980633 0.980633 2.882909e-01 2.796486e-03
0.972759 0.972759 5.392870e-01 5.315001e-03
0.970785 0.970785 7.638173e-01 7.590715e-03
0.970391 0.970391 6.916370e-01 6.846074e-03
0.964249 0.964249 1.282509e+00 1.266390e-02
0.969201 0.969201 9.962037e-01 9.819737e-03
0.970036 0.970036 6.282618e-01 6.228234e-03
0.978036 0.978036 3.170780e-01 3.141076e-03
0.970666 0.970666 6.040604e-01 5.982000e-03
0.972824 0.972824 4.518514e-01 4.448717e-03
0.975010 0.975010 4.214445e-01 4.126460e-03
0.969934 0.969934 8.419811e-01 8.378652e-03
0.972133 0.972133 5.691976e-01 5.583897e-03
0.966874 0.966874 7.637999e-01 7.601202e-03
0.977106 0.977106 3.574459e-01 3.567579e-03
0.967688 0.967688 7.838313e-01 7.674614e-03
0.969434 0.969434 6.064610e-01 5.959429e-03
0.969855 0.969855 4.680337e-01 4.649506e-03
0.968303 0.968303 7.312193e-01 7.262999e-03
0.952803 0.952803 2.584175e+00 2.574613e-02
0.956493 0.956493 1.810138e+00 1.804171e-02
0.970573 0.970573 4.779667e-01 4.675740e-03
0.971172 0.971172 6.376780e-01 6.304201e-03
0.963523 0.963523 1.443643e+00 1.423780e-02
0.953461 0.953461 2.436628e+00 2.434597e-02
0.967998 0.967998 8.113998e-01 8.085055e-03
0.967690 0.967690 6.221961e-01 6.128260e-03
0.973527 0.973527 4.600062e-01 4.585723e-03
0.960060 0.960060 1.119198e+00 1.112902e-02
0.953974 0.953974 2.310957e+00 2.299514e-02
0.973885 0.973885 4.609332e-01 4.488003e-03
0.969771 0.969771 5.167075e-01 5.090326e-03
0.967838 0.967838 9.069651e-01 8.931472e-03
0.967448 0.967448 7.667749e-01 7.664336e-03
0.970212 0.970212 5.337074e-01 5.254110e-03
0.951401 0.951401 2.229360e+00 2.213184e-02
0.959227 0.959227 1.436966e+00 1.423302e-02
0.966898 0.966898 7.326527e-01 7.298119e-03
0.967855 0.967855 6.951873e-01 6.761860e-03
0.960399 0.960399 1.751262e+00 1.749146e-02
0.971900 0.971900 4.328277e-01 4.269067e-03
0.966792 0.966792 1.052246e+00 1.039412e-02
0.973064 0.973064 4.604364e-01 4.541096e-03
0.957121 0.957121 2.159373e+00 2.157848e-02
0.962320 0.962320 1.059916e+00 1.053816e-02
0.964947 0.964947 7.020223e-01 6.874166e-03
0.963035 0.963035 1.213386e+00 1.193161e-02
0.950474 0.950474 2.643556e+00 2.637426e-02
0.972440 0.972440 4.450637e-01 4.390474e-03
0.961910 0.961910 1.357397e+00 1.353255e-02
0.965506 0.965506 7.115997e-01 7.014817e-03
0.971237 0.971237 4.100916e-01 4.095576e-03
0.957927 0.957927 1.967351e+00 1.950046e-02
0.955229 0.955229 2.039686e+00 2.013099e-02
0.944140 0.944140 3.031311e+00 3.009447e-02
0.970044 0.970044 5.148571e-01 5.046554e-03
0.958461 0.958461 1.001863e+00 9.925972e-03
0.963046 0.963046 9.911605e-01 9.888208e-03
0.962491 0.962491 8.729455e-01 8.673835e-03
0.963505 0.963505 1.100406e+00 1.099563e-02
0.962957 0.962957 5.664605e-01 5.608332e-03
0.968648 0.968648 5.754915e-01 5.740589e-03
0.965132 0.965132 7.847920e-01 7.751498e-03
0.955034 0.955034 1.689347e+00 1.687135e-02
0.946909 0.946909 1.973349e+00 1.972048e-02
0.956983 0.956983 1.106116e+00 1.104958e-02
0.948639 0.948639 2.228416e+00 2.220717e-02
0.966079 0.966079 6.405398e-01 6.332966e-03
0.969760 0.969760 5.451453e-01 5.297244e-03
0.947671 0.947671 2.788165e+00 2.778367e-02
0.959534 0.959534 1.310926e+00 1.307265e-02
0.942471 0.942471 3.317915e+00 3.314293e-02
0.967394 0.967394 5.212204e-01 5.189645e-03
0.975861 0.975861 3.004236e-01 3.001863e-03
0.957238 0.957238 1.426970e+00 1.411977e-02
0.949339 0.949339 2.792079e+00 2.787845e-02
0.955182 0.955182 2.076222e+00 2.066079e-02
0.965001 0.965001 6.789992e-01 6.701522e-03
0.958633 0.958633 9.178465e-01 9.056877e-03
0.951877 0.951877 2.157623e+00 2.139814e-02
0.959049 0.959049 1.188599e+00 1.170211e-02
0.965226 0.965226 1.073262e+00 1.067813e-02
0.965607 0.965607 6.369255e-01 6.329030e-03
0.950974 0.950974 2.158818e+00 2.153031e-02
0.953534 0.953534 1.976878e+00 1.966896e-02
0.964438 0.964438 7.876776e-01 7.791656e-03
0.973209 0.973209 3.602252e-01 3.556286e-03
0.955428 0.955428 1.124836e+00 1.116602e-02
0.959337 0.959337 1.122907e+00 1.114819e-02
0.944730 0.944730 3.182615e+00 3.169963e-02
0.971276 0.971276 4.483558e-01 4.370586e-03
0.950254 0.950254 2.711705e+00 2.696264e-02
0.962441 0.962441 7.990084e-01 7.934606e-03
0.957458 0.957458 1.281150e+00 1.279275e-02
0.973094 0.973094 3.109522e-01 3.101446e-03
0.964063 0.964063 6.605108e-01 6.587468e-03
0.946865 0.946865 2.488140e+00 2.475076e-02
0.964037 0.964037 7.486887e-01 7.486369e-03
0.962353 0.962353 9.836594e-01 9.682120e-03
0.952173 0.952173 1.998622e+00 1.982614e-02
0.957168 0.957168 9.201334e-01 9.191085e-03
0.968702 0.968702 3.861931e-01 3.857982e-03
0.947189 0.947189 2.172866e+00 2.171060e-02
0.976944 0.976944 2.699247e-01 2.628372e-03
0.966640 0.966640 4.605465e-01 4.529532e-03
0.956615 0.956615 1.114715e+00 1.111839e-02
0.935770 0.935770 3.573014e+00 3.556754e-02
0.938152 0.938152 3.618637e+00 3.611446e-02
0.960231 0.960231 7.497707e-01 7.457402e-03
0.954328 0.954328 1.601927e+00 1.598259e-02
0.964002 0.964002 6.016098e-01 5.913193e-03
0.971557 0.971557 3.266717e-01 3.221803e-03
0.927473 0.927473 5.059179e+00 5.050230e-02
0.965265 0.965265 5.564880e-01 5.481029e-03
0.966343 0.966343 5.326575e-01 5.248308e-03
0.928515 0.928515 5.863697e+00 5.851999e-02
0.949848 0.949848 2.458803e+00 2.451146e-02
0.960071 0.960071 8.393811e-01 8.270052e-03
0.972392 0.972392 3.389334e-01 3.326437e-03
0.933396 0.933396 4.121870e+00 4.100019e-02
0.949836 0.949836 2.293787e+00 2.289234e-02
0.945721 0.945721 2.562554e+00 2.552943e-02
0.924994 0.924994 5.861066e+00 5.855366e-02
0.954281 0.954281 8.296366e-01 8.265566e-03
0.954569 0.954569 1.222792e+00 1.213157e-02
0.975037 0.975037 2.968545e-01 2.937259e-03
0.940220 0.940220 3.280309e+00 3.260339e-02
0.955020 0.955020 1.565866e+00 1.554760e-02
0.939128 0.939128 2.070977e+00 2.068007e-02
0.954628 0.954628 1.287252e+00 1.286473e-02
0.953606 0.953606 1.340261e+00 1.333773e-02
0.962357 0.962357 6.229709e-01 6.214955e-03
0.957372 0.957372 1.090501e+00 1.085463e-02
0.954997 0.954997 9.699401e-01 9.651639e-03
0.970063 0.970063 3.428473e-01 3.414379e-03
0.927829 0.927829 5.460873e+00 5.445078e-02
0.955936 0.955936 8.731572e-01 8.645834e-03
0.920319 0.920319 5.823492e+00 5.812561e-02
0.941798 0.941798 2.621381e+00 2.610898e-02
0.958351 0.958351 6.698239e-01 6.632103e-03
0.954358 0.954358 7.406611e-01 7.366164e-03
0.943739 0.943739 2.001687e+00 1.995189e-02
0.909114 0.909114 1.098256e+01 1.098237e-01
0.944538 0.944538 2.353683e+00 2.348701e-02
0.916067 0.916067 6.865416e+00 6.862913e-02
0.959435 0.959435 9.929645e-01 9.878923e-03
0.936778 0.936778 3.303669e+00 3.292869e-02
0.953406 0.953406 1.082854e+00 1.074469e-02
0.951569 0.951569 2.082661e+00 2.069069e-02
0.967313 0.967313 4.190043e-01 4.177264e-03
0.936089 0.936089 3.691783e+00 3.689109e-02
0.959680 0.959680 7.473171e-01 7.454709e-03
0.924053 0.924053 4.898625e+00 4.886824e-02
0.938976 0.938976 2.815561e+00 2.799879e-02
0.916996 0.916996 7.174318e+00 7.146736e-02
0.969966 0.969966 2.967457e-01 2.943677e-03
0.933262 0.933262 3.377777e+00 3.377458e-02
0.949402 0.949402 1.462693e+00 1.459404e-02
0.958218 0.958218 6.468503e-01 6.448751e-03
0.966316 0.966316 3.499735e-01 3.437039e-03
0.956829 0.956829 7.639607e-01 7.589698e-03
0.955147 0.955147 7.804683e-01 7.745769e-03
0.951329 0.951329 1.123420e+00 1.117711e-02
0.945253 0.945253 1.965979e+00 1.955911e-02
0.958581 0.958581 6.446507e-01 6.429909e-03
0.933665 0.933665 3.113151e+00 3.107924e-02
0.946015 0.946015 1.902407e+00 1.900918e-02
0.941572 0.941572 2.417879e+00 2.410322e-02
0.926148 0.926148 5.080301e+00 5.075738e-02
0.958370 0.958370 6.858169e-01 6.799307e-03
0.950504 0.950504 1.563247e+00 1.549802e-02
0.965192 0.965192 3.847323e-01 3.821495e-03
0.945787 0.945787 1.493898e+00 1.488694e-02
0.973232 0.973232 2.822215e-01 2.809817e-03
0.964651 0.964651 4.174047e-01 4.158809e-03
0.933741 0.933741 2.655413e+00 2.650349e-02
0.908154 0.908154 8.981773e+00 8.953908e-02
0.923116 0.923116 6.284871e+00 6.257042e-02
0.943838 0.943838 1.691262e+00 1.685250e-02
0.963266 0.963266 5.050157e-01 5.032514e-03
0.953341 0.953341 7.357894e-01 7.299922e-03
0.936887 0.936887 2.737190e+00 2.730760e-02
0.964146 0.964146 5.436977e-01 5.317505e-03
0.963029 0.963029 5.686284e-01 5.679272e-03
0.930247 0.930247 4.344479e+00 4.335099e-02
0.955195 0.955195 7.761557e-01 7.733468e-03
0.904624 0.904624 1.074931e+01 1.072995e-01
0.925073 0.925073 5.107967e+00 5.094107e-02
0.920934 0.920934 4.561708e+00 4.544601e-02
0.960896 0.960896 6.240719e-01 6.209337e-03
0.947750 0.947750 1.310090e+00 1.305268e-02
0.952483 0.952483 8.666705e-01 8.579735e-03
0.918368 0.918368 6.597746e+00 6.579404e-02
0.943419 0.943419 1.702075e+00 1.694864e-02
0.960616 0.960616 3.818421e-01 3.795095e-03
0.940022 0.940022 2.312778e+00 2.301940e-02
0.943951 0.943951 1.999649e+00 1.994485e-02
0.925170 0.925170 3.925737e+00 3.906620e-02
0.923833 0.923833 5.515265e+00 5.508616e-02
0.927317 0.927317 5.176765e+00 5.157187e-02
0.940254 0.940254 2.767650e+00 2.759061e-02
0.893131 0.893131 1.720249e+01 1.716830e-01
0.943026 0.943026 2.345909e+00 2.340504e-02
0.905363 0.905363 9.061798e+00 9.056049e-02
0.923159 0.923159 5.700796e+00 5.690551e-02
0.954880 0.954880 5.268748e-01 5.268727e-03
0.933940 0.933940 3.383260e+00 3.382966e-02
0.941851 0.941851 2.235557e+00 2.235056e-02
0.936803 0.936803 2.350521e+00 2.342609e-02
0.945200 0.945200 1.716386e+00 1.714365e-02
0.942531 0.942531 1.538861e+00 1.534572e-02
0.930683 0.930683 3.702294e+00 3.690318e-02
0.945603 0.945603 1.557140e+00 1.549186e-02
0.893146 0.893146 1.477148e+01 1.476381e-01
0.897113 0.897113 1.309926e+01 1.309341e-01
0.956003 0.956003 6.278106e-01 6.244039e-03
0.904415 0.904415 9.572198e+00 9.557503e-02
0.949103 0.949103 1.413928e+00 1.411031e-02
0.952360 0.952360 9.353547e-01 9.288100e-03
0.948792 0.948792 1.397443e+00 1.386267e-02
0.962756 0.962756 4.429805e-01 4.410261e-03
0.929767 0.929767 3.544362e+00 3.537449e-02
0.967534 0.967534 3.201971e-01 3.150603e-03
0.881694 0.881694 2.135374e+01 2.132812e-01
0.913718 0.913718 5.681671e+00 5.668551e-02
0.952784 0.952784 7.613830e-01 7.572133e-03
0.917681 0.917681 6.325512e+00 6.305072e-02
0.917401 0.917401 6.989398e+00 6.972916e-02
0.939489 0.939489 2.486845e+00 2.483702e-02
0.965400 0.965400 4.089886e-01 4.042997e-03
0.882445 0.882445 2.256537e+01 2.250204e-01
0.958349 0.958349 5.212884e-01 5.180002e-03
0.940498 0.940498 1.900100e+00 1.894666e-02
0.930535 0.930535 3.626739e+00 3.614713e-02
0.957008 0.957008 4.435460e-01 4.384544e-03
0.884947 0.884947 1.890296e+01 1.889970e-01
0.927152 0.927152 4.544507e+00 4.527155e-02
0.934022 0.934022 2.502527e+00 2.482070e-02
0.938392 0.938392 1.499489e+00 1.495146e-02
0.946915 0.946915 1.034320e+00 1.024880e-02
0.866533 0.866533 3.496287e+01 3.492781e-01
0.929744 0.929744 4.372540e+00 4.356145e-02
0.884033 0.884033 2.279766e+01 2.278074e-01
0.914034 0.914034 6.738456e+00 6.737730e-02
0.943156 0.943156 1.437895e+00 1.437833e-02
0.891339 0.891339 1.439419e+01 1.439094e-01
0.932816 0.932816 2.447021e+00 2.444423e-02
0.918809 0.918809 6.460233e+00 6.447680e-02
0.922309 0.922309 5.258168e+00 5.229479e-02
0.938458 0.938458 2.355185e+00 2.353933e-02
0.956752 0.956752 5.310990e-01 5.302081e-03
0.932410 0.932410 2.699322e+00 2.693637e-02
0.955934 0.955934 7.508533e-01 7.428299e-03
0.915773 0.915773 5.157173e+00 5.148437e-02
0.947379 0.947379 1.109555e+00 1.108174e-02
0.928167 0.928167 3.256920e+00 3.244688e-02
0.875444 0.875444 2.627723e+01 2.622772e-01
0.885864 0.885864 2.069388e+01 2.067669e-01
0.917056 0.917056 4.981629e+00 4.974030e-02
0.928078 0.928078 3.412819e+00 3.393753e-02
0.916121 0.916121 5.000279e+00 4.995487e-02
0.937711 0.937711 2.488109e+00 2.481524e-02
0.946367 0.946367 8.636672e-01 8.541280e-03
0.928478 0.928478 3.540299e+00 3.535977e-02
0.903854 0.903854 1.106572e+01 1.104287e-01
0.881765 0.881765 2.173526e+01 2.170397e-01
0.934808 0.934808 2.171373e+00 2.161539e-02
0.883308 0.883308 1.832402e+01 1.830909e-01
0.943112 0.943112 1.217860e+00 1.212099e-02
