0.935842 0.935842 1.198667e+00 1.191240e-02
0.879267 0.879267 2.032642e+01 2.028984e-01
0.936154 0.936154 7.379054e-01 7.330747e-03
0.936353 0.936353 9.227254e-01 9.191347e-03
0.918850 0.918850 2.779792e+00 2.778903e-02
0.937986 0.937986 1.382714e+00 1.379856e-02
0.926024 0.926024 2.055941e+00 2.047502e-02
0.915274 0.915274 6.657337e+00 6.640807e-02
0.945939 0.945939 5.696902e-01 5.658568e-03
0.887522 0.887522 1.636705e+01 1.636236e-01
0.949667 0.949667 6.533438e-01 6.517826e-03
0.932453 0.932453 1.339394e+00 1.331745e-02
0.915841 0.915841 5.030347e+00 5.014171e-02
0.914312 0.914312 2.709403e+00 2.700664e-02
0.929170 0.929170 1.452502e+00 1.442309e-02
0.966965 0.966965 2.908395e-01 2.892200e-03
0.928379 0.928379 1.436300e+00 1.423371e-02
0.904561 0.904561 6.202833e+00 6.194426e-02
0.922329 0.922329 4.027387e+00 4.010144e-02
0.925386 0.925386 4.442491e+00 4.432021e-02
0.939478 0.939478 6.576126e-01 6.574984e-03
0.914545 0.914545 6.513394e+00 6.507534e-02
0.895339 0.895339 5.561545e+00 5.556452e-02
0.917719 0.917719 4.582149e+00 4.568105e-02
0.875678 0.875678 2.033557e+01 2.033147e-01
0.934058 0.934058 9.021498e-01 8.967399e-03
0.918383 0.918383 4.170861e+00 4.162364e-02
0.916882 0.916882 3.258484e+00 3.248488e-02
0.912818 0.912818 2.768595e+00 2.758983e-02
0.943052 0.943052 5.288096e-01 5.277849e-03
0.905578 0.905578 8.350453e+00 8.338399e-02
0.938933 0.938933 8.045301e-01 7.998705e-03
0.928226 0.928226 2.043965e+00 2.042208e-02
0.947536 0.947536 4.135137e-01 4.119178e-03
0.888679 0.888679 1.287910e+01 1.285886e-01
0.922742 0.922742 3.252866e+00 3.241987e-02
0.899699 0.899699 7.125330e+00 7.107653e-02
0.924400 0.924400 2.545771e+00 2.537011e-02
0.965161 0.965161 2.634079e-01 2.610290e-03
0.937228 0.937228 8.872761e-01 8.854271e-03
0.898723 0.898723 5.187540e+00 5.185582e-02
0.964403 0.964403 2.959730e-01 2.904853e-03
0.960972 0.960972 3.624840e-01 3.616136e-03
0.912806 0.912806 4.459571e+00 4.447265e-02
0.965698 0.965698 2.740316e-01 2.739014e-03
0.912278 0.912278 4.441670e+00 4.434464e-02
0.954553 0.954553 3.899825e-01 3.826970e-03
0.940402 0.940402 7.593180e-01 7.535529e-03
0.878601 0.878601 2.034182e+01 2.033481e-01
0.910089 0.910089 5.578369e+00 5.560517e-02
0.918095 0.918095 4.863998e+00 4.850585e-02
0.966665 0.966665 2.701008e-01 2.660083e-03
0.946988 0.946988 4.285268e-01 4.224867e-03
0.911277 0.911277 4.429969e+00 4.419297e-02
0.935014 0.935014 1.095710e+00 1.095464e-02
0.937034 0.937034 1.083920e+00 1.081778e-02
0.905804 0.905804 6.669961e+00 6.652491e-02
0.921320 0.921320 3.422434e+00 3.408493e-02
0.962750 0.962750 3.603086e-01 3.563500e-03
0.902003 0.902003 3.997355e+00 3.991170e-02
0.941558 0.941558 6.865019e-01 6.856033e-03
0.895623 0.895623 1.183794e+01 1.182697e-01
0.932878 0.932878 1.674017e+00 1.671842e-02
0.942354 0.942354 4.667521e-01 4.591898e-03
0.873274 0.873274 2.663567e+01 2.659176e-01
0.872501 0.872501 2.329660e+01 2.325121e-01
0.925693 0.925693 2.375703e+00 2.362132e-02
0.912411 0.912411 2.906274e+00 2.902930e-02
0.931313 0.931313 1.426935e+00 1.419455e-02
0.946904 0.946904 7.155755e-01 7.139010e-03
0.939974 0.939974 6.737101e-01 6.667912e-03
0.928718 0.928718 2.482377e+00 2.481707e-02
0.939079 0.939079 8.636694e-01 8.541194e-03
0.948472 0.948472 6.272111e-01 6.263419e-03
0.925682 0.925682 1.722880e+00 1.721027e-02
0.937998 0.937998 9.872263e-01 9.865024e-03
0.921472 0.921472 2.041046e+00 2.036579e-02
0.913113 0.913113 5.115051e+00 5.104166e-02
0.944398 0.944398 5.263957e-01 5.223329e-03
0.906350 0.906350 8.245366e+00 8.242704e-02
0.910545 0.910545 2.826100e+00 2.824985e-02
0.925490 0.925490 1.530254e+00 1.530132e-02
0.937640 0.937640 7.792348e-01 7.758308e-03
0.951740 0.951740 4.945399e-01 4.887482e-03
0.906792 0.906792 7.272824e+00 7.252474e-02
0.939445 0.939445 4.880405e-01 4.867213e-03
0.923030 0.923030 2.600697e+00 2.598243e-02
0.925409 0.925409 2.376035e+00 2.360304e-02
0.942311 0.942311 5.916587e-01 5.884593e-03
0.934877 0.934877 1.091647e+00 1.086146e-02
0.918353 0.918353 3.404518e+00 3.402715e-02
0.935180 0.935180 7.077759e-01 7.076380e-03
0.928632 0.928632 1.525169e+00 1.524329e-02
0.898925 0.898925 9.022013e+00 8.999904e-02
0.890625 0.890625 1.413396e+01 1.410076e-01
0.930671 0.930671 2.093415e+00 2.090657e-02
0.922181 0.922181 1.690202e+00 1.684012e-02
0.897390 0.897390 8.877103e+00 8.858394e-02
0.938156 0.938156 8.027727e-01 7.996396e-03
0.902917 0.902917 4.423939e+00 4.416455e-02
0.935782 0.935782 8.752373e-01 8.721330e-03
0.942769 0.942769 6.006780e-01 5.959551e-03
0.951007 0.951007 4.759985e-01 4.722985e-03
0.911066 0.911066 5.673438e+00 5.662057e-02
0.904563 0.904563 7.906026e+00 7.895224e-02
0.914631 0.914631 4.586219e+00 4.582601e-02
0.931008 0.931008 1.787465e+00 1.786742e-02
0.950260 0.950260 4.614833e-01 4.613633e-03
0.951889 0.951889 3.455529e-01 3.428587e-03
0.930031 0.930031 1.361462e+00 1.357682e-02
0.912140 0.912140 3.357929e+00 3.356869e-02
0.891328 0.891328 1.599685e+01 1.598292e-01
0.947565 0.947565 8.031836e-01 7.976720e-03
0.945233 0.945233 6.907839e-01 6.853510e-03
0.903130 0.903130 6.636568e+00 6.635170e-02
0.954004 0.954004 3.407169e-01 3.395602e-03
0.919116 0.919116 2.343051e+00 2.332856e-02
0.955145 0.955145 3.469239e-01 3.436089e-03
0.972151 0.972151 2.204015e-01 2.192006e-03
0.938942 0.938942 7.443146e-01 7.430013e-03
0.923736 0.923736 2.668258e+00 2.668225e-02
0.915993 0.915993 1.976818e+00 1.974930e-02
0.910568 0.910568 5.101266e+00 5.097976e-02
0.936065 0.936065 8.858349e-01 8.807204e-03
0.914666 0.914666 4.360708e+00 4.356387e-02
0.913323 0.913323 3.801126e+00 3.800097e-02
0.919816 0.919816 2.944788e+00 2.936747e-02
0.883499 0.883499 1.356960e+01 1.355314e-01
0.919956 0.919956 2.652524e+00 2.641457e-02
0.909372 0.909372 3.206406e+00 3.192811e-02
0.912497 0.912497 4.905771e+00 4.890173e-02
0.931006 0.931006 1.877214e+00 1.871313e-02
0.919790 0.919790 1.635358e+00 1.632002e-02
0.901944 0.901944 7.294992e+00 7.280148e-02
0.921647 0.921647 2.446408e+00 2.434754e-02
0.893740 0.893740 8.699049e+00 8.693044e-02
0.918947 0.918947 2.265085e+00 2.263937e-02
0.913796 0.913796 4.245168e+00 4.244691e-02
0.888331 0.888331 1.543130e+01 1.541573e-01
0.940477 0.940477 1.052927e+00 1.046641e-02
0.909409 0.909409 2.071611e+00 2.068834e-02
0.899731 0.899731 1.181335e+01 1.180244e-01
0.930304 0.930304 1.211234e+00 1.206707e-02
0.915245 0.915245 4.068903e+00 4.063210e-02
0.935627 0.935627 7.263047e-01 7.227144e-03
0.910819 0.910819 4.349784e+00 4.343039e-02
0.916732 0.916732 3.378554e+00 3.371184e-02
0.939862 0.939862 4.808418e-01 4.759629e-03
0.897368 0.897368 1.041070e+01 1.040238e-01
0.914550 0.914550 7.204822e+00 7.196974e-02
0.919730 0.919730 2.872476e+00 2.866328e-02
0.951423 0.951423 3.839954e-01 3.784172e-03
0.930368 0.930368 1.633194e+00 1.629034e-02
0.924477 0.924477 2.643562e+00 2.634876e-02
0.919586 0.919586 3.102974e+00 3.099596e-02
0.963668 0.963668 2.752068e-01 2.736545e-03
0.909840 0.909840 6.412590e+00 6.408591e-02
0.912517 0.912517 3.450279e+00 3.446194e-02
0.915562 0.915562 2.381383e+00 2.374296e-02
0.897820 0.897820 1.331844e+01 1.330934e-01
0.930428 0.930428 1.053489e+00 1.047847e-02
0.963554 0.963554 2.582502e-01 2.527106e-03
0.917595 0.917595 2.159244e+00 2.155458e-02
0.928088 0.928088 1.336348e+00 1.332300e-02
0.918147 0.918147 5.283837e+00 5.278019e-02
0.919768 0.919768 2.846395e+00 2.840569e-02
0.929182 0.929182 8.385082e-01 8.346879e-03
0.924064 0.924064 2.401497e+00 2.393396e-02
0.894203 0.894203 1.270827e+01 1.268718e-01
0.915544 0.915544 4.293411e+00 4.283304e-02
0.921205 0.921205 2.253258e+00 2.252457e-02
0.917174 0.917174 2.975294e+00 2.960200e-02
0.900794 0.900794 7.644535e+00 7.617064e-02
0.914096 0.914096 2.914895e+00 2.909022e-02
0.883806 0.883806 1.892648e+01 1.890301e-01
0.881303 0.881303 1.581985e+01 1.581256e-01
0.884372 0.884372 1.403816e+01 1.402349e-01
0.938244 0.938244 7.594583e-01 7.507063e-03
0.910004 0.910004 4.221046e+00 4.217467e-02
0.918028 0.918028 5.957944e+00 5.945807e-02
0.932055 0.932055 1.427100e+00 1.419348e-02
0.914512 0.914512 3.899241e+00 3.897981e-02
0.888794 0.888794 1.519370e+01 1.516352e-01
0.919187 0.919187 3.355245e+00 3.343579e-02
0.881986 0.881986 1.514986e+01 1.512290e-01
0.950995 0.950995 4.096851e-01 4.044062e-03
0.889438 0.889438 1.415560e+01 1.414004e-01
0.957775 0.957775 3.145290e-01 3.139757e-03
0.936802 0.936802 1.107755e+00 1.102923e-02
0.901531 0.901531 9.061742e+00 9.041759e-02
0.901737 0.901737 9.279196e+00 9.266886e-02
0.907654 0.907654 4.655627e+00 4.640570e-02
0.933607 0.933607 1.092095e+00 1.083775e-02
0.928487 0.928487 1.303517e+00 1.299265e-02
0.938281 0.938281 1.273290e+00 1.265624e-02
0.941052 0.941052 3.585436e-01 3.540190e-03
0.896822 0.896822 7.634848e+00 7.619162e-02
0.945329 0.945329 8.628555e-01 8.621651e-03
0.927142 0.927142 1.952904e+00 1.947199e-02
0.916425 0.916425 2.660995e+00 2.656533e-02
0.929647 0.929647 1.304465e+00 1.292264e-02
0.898387 0.898387 9.392452e+00 9.371172e-02
0.893782 0.893782 1.244490e+01 1.243770e-01
0.913942 0.913942 3.086720e+00 3.079151e-02
0.949507 0.949507 4.079691e-01 4.035824e-03
0.943200 0.943200 4.304221e-01 4.254461e-03
0.907812 0.907812 6.132350e+00 6.119261e-02
0.910216 0.910216 3.758443e+00 3.750450e-02
0.932588 0.932588 1.247413e+00 1.247404e-02
0.903422 0.903422 9.618714e+00 9.615514e-02
0.926994 0.926994 1.636754e+00 1.631662e-02
0.920446 0.920446 2.532507e+00 2.522216e-02
0.905766 0.905766 7.471901e+00 7.468096e-02
0.885599 0.885599 1.560413e+01 1.559476e-01
0.921726 0.921726 3.677690e+00 3.676482e-02
0.967528 0.967528 2.599703e-01 2.587314e-03
0.943323 0.943323 6.777496e-01 6.733001e-03
0.896673 0.896673 5.975509e+00 5.971135e-02
0.937015 0.937015 1.153535e+00 1.152037e-02
0.882831 0.882831 1.209731e+01 1.209552e-01
0.947617 0.947617 4.312502e-01 4.259753e-03
0.955939 0.955939 2.787828e-01 2.730425e-03
0.924179 0.924179 2.282428e+00 2.280623e-02
0.916762 0.916762 4.231976e+00 4.231524e-02
0.895927 0.895927 9.088809e+00 9.079192e-02
0.927343 0.927343 1.550581e+00 1.543262e-02
0.937168 0.937168 6.139780e-01 6.125806e-03
0.906005 0.906005 6.338355e+00 6.317872e-02
0.906656 0.906656 7.777152e+00 7.764081e-02
0.940297 0.940297 9.610615e-01 9.567435e-03
0.934098 0.934098 1.441368e+00 1.432185e-02
0.933485 0.933485 8.721117e-01 8.656238e-03
0.947394 0.947394 7.289006e-01 7.183610e-03
0.908247 0.908247 2.865083e+00 2.858341e-02
0.959566 0.959566 4.045138e-01 4.017755e-03
0.897472 0.897472 8.382707e+00 8.369113e-02
0.900563 0.900563 8.653845e+00 8.641817e-02
0.922905 0.922905 1.431891e+00 1.427371e-02
0.958710 0.958710 3.121475e-01 3.080482e-03
0.894914 0.894914 6.280230e+00 6.276707e-02
0.896786 0.896786 6.887721e+00 6.868449e-02
0.926298 0.926298 1.887358e+00 1.883044e-02
0.893822 0.893822 9.103271e+00 9.099499e-02
0.933814 0.933814 1.621902e+00 1.616422e-02
0.914879 0.914879 3.649789e+00 3.647002e-02
0.915423 0.915423 1.798358e+00 1.793467e-02
0.931177 0.931177 1.815336e+00 1.803551e-02
0.908744 0.908744 5.525528e+00 5.514186e-02
0.905745 0.905745 4.245290e+00 4.239309e-02
0.901638 0.901638 5.911940e+00 5.902069e-02
0.926657 0.926657 2.403825e+00 2.397285e-02
0.908981 0.908981 6.517249e+00 6.502024e-02
0.923674 0.923674 1.991486e+00 1.990869e-02
0.941192 0.941192 3.450709e-01 3.431773e-03
0.915142 0.915142 4.409517e+00 4.395349e-02
0.948360 0.948360 4.780665e-01 4.776614e-03
0.901481 0.901481 5.587256e+00 5.585541e-02
0.906663 0.906663 4.363986e+00 4.361860e-02
0.894855 0.894855 9.986165e+00 9.974541e-02
0.908906 0.908906 5.783237e+00 5.775303e-02
0.889804 0.889804 1.529808e+01 1.528336e-01
0.920082 0.920082 2.693772e+00 2.680436e-02
0.926063 0.926063 2.253052e+00 2.244273e-02
0.926941 0.926941 1.056379e+00 1.052371e-02
0.928698 0.928698 1.485582e+00 1.479452e-02
0.928806 0.928806 2.054757e+00 2.052347e-02
0.922382 0.922382 2.718102e+00 2.716757e-02
0.928123 0.928123 1.865691e+00 1.865204e-02
0.928247 0.928247 2.172977e+00 2.170726e-02
0.919681 0.919681 2.712102e+00 2.708434e-02
0.934416 0.934416 1.515049e+00 1.506417e-02
0.921109 0.921109 3.055172e+00 3.048549e-02
0.902079 0.902079 8.305008e+00 8.294822e-02
0.930411 0.930411 2.023109e+00 2.022580e-02
0.910066 0.910066 5.114445e+00 5.109255e-02
0.933698 0.933698 1.361701e+00 1.359487e-02
0.915455 0.915455 4.109793e+00 4.102580e-02
0.948720 0.948720 3.464093e-01 3.432962e-03
0.927190 0.927190 2.119646e+00 2.113227e-02
0.902102 0.902102 6.138911e+00 6.138477e-02
0.912342 0.912342 2.748663e+00 2.737776e-02
0.927280 0.927280 2.723209e+00 2.714149e-02
0.920073 0.920073 3.529759e+00 3.521452e-02
0.933899 0.933899 7.832580e-01 7.808208e-03
0.932248 0.932248 1.945529e+00 1.944757e-02
0.925623 0.925623 1.333574e+00 1.323437e-02
0.911579 0.911579 7.259487e+00 7.248683e-02
0.933680 0.933680 1.225635e+00 1.219329e-02
0.908980 0.908980 7.137217e+00 7.119798e-02
0.925659 0.925659 2.923449e+00 2.916380e-02
0.901343 0.901343 7.948844e+00 7.944263e-02
0.895672 0.895672 8.997814e+00 8.984694e-02
0.899814 0.899814 1.271037e+01 1.267953e-01
0.928247 0.928247 7.973893e-01 7.948844e-03
0.939440 0.939440 6.734164e-01 6.661146e-03
0.924017 0.924017 2.694452e+00 2.690410e-02
0.924393 0.924393 1.980707e+00 1.977114e-02
0.954264 0.954264 4.051286e-01 4.003051e-03
0.886997 0.886997 1.063392e+01 1.062232e-01
0.933264 0.933264 9.389702e-01 9.315752e-03
0.944986 0.944986 4.096319e-01 4.072954e-03
0.892095 0.892095 1.371235e+01 1.367766e-01
0.927550 0.927550 1.451208e+00 1.441514e-02
0.938420 0.938420 6.800539e-01 6.764980e-03
0.950809 0.950809 4.563007e-01 4.519607e-03
0.935506 0.935506 1.175953e+00 1.167277e-02
0.926081 0.926081 3.373563e+00 3.361247e-02
0.946377 0.946377 6.907993e-01 6.842006e-03
0.917059 0.917059 4.232776e+00 4.220562e-02
0.922297 0.922297 2.713956e+00 2.713381e-02
0.968803 0.968803 2.977530e-01 2.941898e-03
0.932162 0.932162 1.815661e+00 1.814769e-02
0.912111 0.912111 5.360817e+00 5.353564e-02
0.897292 0.897292 7.122107e+00 7.100034e-02
0.923841 0.923841 2.174264e+00 2.170103e-02
0.894240 0.894240 1.207060e+01 1.205193e-01
0.946666 0.946666 6.942589e-01 6.867781e-03
0.944859 0.944859 9.058814e-01 9.020673e-03
0.915869 0.915869 2.678065e+00 2.675745e-02
0.943513 0.943513 5.718443e-01 5.713188e-03
0.916982 0.916982 5.428113e+00 5.427063e-02
0.936849 0.936849 6.797105e-01 6.746718e-03
0.936901 0.936901 8.061068e-01 7.992716e-03
0.946060 0.946060 5.188173e-01 5.154199e-03
0.927311 0.927311 1.474909e+00 1.471477e-02
0.930671 0.930671 1.876403e+00 1.869312e-02
0.905796 0.905796 4.939130e+00 4.938424e-02
0.962401 0.962401 3.224502e-01 3.192239e-03
0.926047 0.926047 2.484298e+00 2.481708e-02
0.897796 0.897796 1.042230e+01 1.040477e-01
0.913724 0.913724 5.722134e+00 5.694432e-02
0.921008 0.921008 2.871129e+00 2.863622e-02
0.915973 0.915973 3.503728e+00 3.503461e-02
0.923654 0.923654 1.915419e+00 1.912398e-02
0.912723 0.912723 5.461409e+00 5.455782e-02
0.906119 0.906119 6.297778e+00 6.292025e-02
0.900805 0.900805 6.816756e+00 6.813194e-02
0.936473 0.936473 1.466662e+00 1.456649e-02
0.925675 0.925675 3.522127e+00 3.517165e-02
0.937731 0.937731 1.028531e+00 1.018657e-02
0.923383 0.923383 2.148365e+00 2.144774e-02
0.892598 0.892598 1.464076e+01 1.459586e-01
0.917833 0.917833 3.887764e+00 3.874568e-02
0.935840 0.935840 1.000220e+00 9.989731e-03
0.918933 0.918933 1.882808e+00 1.878323e-02
0.959147 0.959147 3.733667e-01 3.687871e-03
0.895478 0.895478 1.037579e+01 1.036185e-01
0.941413 0.941413 3.978387e-01 3.963295e-03
0.909187 0.909187 5.571623e+00 5.551691e-02
0.942689 0.942689 6.876731e-01 6.828025e-03
0.898011 0.898011 8.648459e+00 8.640315e-02
0.946640 0.946640 7.588555e-01 7.502740e-03
0.946193 0.946193 6.019464e-01 5.986122e-03
0.882526 0.882526 1.422222e+01 1.421608e-01
0.882953 0.882953 1.972169e+01 1.971751e-01
0.911930 0.911930 6.477189e+00 6.469162e-02
0.911774 0.911774 4.464197e+00 4.443100e-02
0.918875 0.918875 4.010526e+00 3.993357e-02
0.888856 0.888856 1.216621e+01 1.214580e-01
0.920687 0.920687 4.512453e+00 4.506385e-02
0.920474 0.920474 1.724077e+00 1.717165e-02
0.889548 0.889548 1.380556e+01 1.380470e-01
0.929325 0.929325 1.177763e+00 1.172450e-02
0.892232 0.892232 1.097403e+01 1.097175e-01
0.918885 0.918885 3.282210e+00 3.279028e-02
0.890107 0.890107 8.532508e+00 8.521025e-02
0.935291 0.935291 9.268471e-01 9.264424e-03
0.924564 0.924564 2.098817e+00 2.087555e-02
0.943348 0.943348 5.553205e-01 5.527530e-03
0.922207 0.922207 4.429334e+00 4.418785e-02
0.908528 0.908528 6.265406e+00 6.251035e-02
0.936537 0.936537 1.281580e+00 1.279563e-02
0.934868 0.934868 9.736117e-01 9.733414e-03
0.900733 0.900733 6.929943e+00 6.914214e-02
0.934642 0.934642 4.761800e-01 4.717406e-03
0.898739 0.898739 7.314255e+00 7.300506e-02
0.939072 0.939072 5.782206e-01 5.731831e-03
0.915476 0.915476 4.108096e+00 4.098103e-02
0.931691 0.931691 9.488799e-01 9.446150e-03
0.951730 0.951730 4.618396e-01 4.536953e-03
0.933099 0.933099 7.332726e-01 7.281263e-03
0.928505 0.928505 1.455907e+00 1.453696e-02
0.923606 0.923606 3.601187e+00 3.589191e-02
0.925323 0.925323 1.288957e+00 1.285574e-02
0.917797 0.917797 2.177088e+00 2.168570e-02
0.965371 0.965371 2.748747e-01 2.733305e-03
0.895116 0.895116 8.724551e+00 8.722446e-02
0.910755 0.910755 5.241888e+00 5.235542e-02
0.925186 0.925186 2.014303e+00 2.003898e-02
0.926070 0.926070 2.113949e+00 2.112331e-02
0.930378 0.930378 1.113515e+00 1.111528e-02
0.945547 0.945547 4.530802e-01 4.469974e-03
0.876485 0.876485 1.957187e+01 1.957126e-01
0.936460 0.936460 1.171693e+00 1.159193e-02
0.978116 0.978116 2.239597e-01 2.188312e-03
0.946110 0.946110 5.516612e-01 5.504198e-03
0.929915 0.929915 1.030314e+00 1.025681e-02
0.921867 0.921867 9.946200e-01 9.870166e-03
0.897907 0.897907 9.952635e+00 9.947803e-02
0.913904 0.913904 3.884708e+00 3.870733e-02
0.909482 0.909482 7.199456e+00 7.188886e-02
0.902032 0.902032 8.483840e+00 8.470987e-02
0.912388 0.912388 6.394048e+00 6.382467e-02
0.942435 0.942435 9.336350e-01 9.288951e-03
0.951554 0.951554 5.599594e-01 5.540987e-03
0.902270 0.902270 5.799468e+00 5.789346e-02
0.947435 0.947435 4.458819e-01 4.423980e-03
0.923241 0.923241 2.658169e+00 2.652512e-02
0.925058 0.925058 2.752767e+00 2.749474e-02
0.939404 0.939404 5.710825e-01 5.670729e-03
0.932493 0.932493 2.100510e+00 2.096471e-02
0.912583 0.912583 5.200708e+00 5.200061e-02
0.913822 0.913822 4.895510e+00 4.885854e-02
0.930566 0.930566 9.082592e-01 9.042126e-03
0.938188 0.938188 1.000237e+00 1.000187e-02
0.934875 0.934875 7.063692e-01 7.013358e-03
0.950734 0.950734 4.952208e-01 4.913114e-03
0.940013 0.940013 6.080784e-01 6.057500e-03
0.909964 0.909964 3.962987e+00 3.961997e-02
0.915304 0.915304 1.097448e+00 1.093842e-02
0.901150 0.901150 5.466994e+00 5.463607e-02
0.920099 0.920099 3.586043e+00 3.580567e-02
0.883589 0.883589 1.755394e+01 1.754490e-01
0.892334 0.892334 9.388990e+00 9.375721e-02
0.949028 0.949028 4.539398e-01 4.500298e-03
0.921277 0.921277 2.785318e+00 2.784316e-02
0.906968 0.906968 7.057839e+00 7.045778e-02
0.911624 0.911624 1.856721e+00 1.852769e-02
0.919988 0.919988 1.640729e+00 1.634018e-02
0.918919 0.918919 3.272802e+00 3.262507e-02
0.902578 0.902578 5.187229e+00 5.183060e-02
0.908322 0.908322 7.271048e+00 7.266767e-02
0.906239 0.906239 6.628694e+00 6.626291e-02
0.934587 0.934587 8.139346e-01 8.126421e-03
0.929682 0.929682 1.048792e+00 1.039081e-02
0.950829 0.950829 4.402326e-01 4.321290e-03
0.919637 0.919637 5.520842e+00 5.518998e-02
0.901645 0.901645 4.762904e+00 4.749311e-02
0.925708 0.925708 2.541371e+00 2.535462e-02
0.912322 0.912322 4.039426e+00 4.024031e-02
0.924372 0.924372 1.551675e+00 1.549511e-02
0.916696 0.916696 2.884240e+00 2.883827e-02
0.918714 0.918714 2.407283e+00 2.395254e-02
0.952880 0.952880 6.154514e-01 6.129049e-03
0.926394 0.926394 6.019098e-01 6.016449e-03
0.938668 0.938668 8.447251e-01 8.409166e-03
0.912580 0.912580 6.776870e+00 6.764364e-02
0.926992 0.926992 2.506543e+00 2.490828e-02
0.918879 0.918879 3.866978e+00 3.850157e-02
0.894798 0.894798 8.640280e+00 8.617317e-02
0.906084 0.906084 7.788464e+00 7.767689e-02
0.965307 0.965307 2.897282e-01 2.880165e-03
0.884141 0.884141 1.429747e+01 1.428211e-01
0.960620 0.960620 2.438907e-01 2.432897e-03
0.925572 0.925572 1.781602e+00 1.778600e-02
0.947975 0.947975 3.825247e-01 3.820608e-03
0.935370 0.935370 6.305886e-01 6.263698e-03
0.943377 0.943377 7.357670e-01 7.326733e-03
0.929330 0.929330 1.751900e+00 1.741443e-02
0.947361 0.947361 3.381864e-01 3.350576e-03
0.933513 0.933513 1.153562e+00 1.153119e-02
0.952974 0.952974 4.325662e-01 4.325575e-03
0.929946 0.929946 1.410864e+00 1.401461e-02
0.921791 0.921791 3.485643e+00 3.483963e-02
0.922199 0.922199 2.402255e+00 2.400360e-02
0.940788 0.940788 6.146756e-01 6.097409e-03
0.937068 0.937068 5.722022e-01 5.699601e-03
0.929515 0.929515 1.333987e+00 1.329910e-02
0.961579 0.961579 2.406736e-01 2.385026e-03
0.908447 0.908447 5.084372e+00 5.078143e-02
0.909498 0.909498 4.917047e+00 4.910875e-02
0.872422 0.872422 2.778550e+01 2.777545e-01
0.905139 0.905139 7.507308e+00 7.486586e-02
0.933349 0.933349 1.807877e+00 1.801760e-02
0.895882 0.895882 6.473923e+00 6.461028e-02
0.914384 0.914384 2.931759e+00 2.923512e-02
0.901886 0.901886 6.527263e+00 6.522830e-02
0.891955 0.891955 1.367030e+01 1.365032e-01
0.880840 0.880840 2.178178e+01 2.174484e-01
0.933463 0.933463 1.515311e+00 1.509897e-02
0.924586 0.924586 1.406420e+00 1.402301e-02
0.987723 0.987723 2.099752e-01 2.098644e-03
0.971032 0.971032 2.304425e-01 2.251316e-03
0.906286 0.906286 6.532050e+00 6.517319e-02
0.941966 0.941966 6.760102e-01 6.708292e-03
0.944220 0.944220 5.250175e-01 5.243789e-03
0.922418 0.922418 2.521099e+00 2.511392e-02
0.939582 0.939582 1.186878e+00 1.181006e-02
0.914244 0.914244 3.251682e+00 3.248614e-02
0.894875 0.894875 9.499899e+00 9.499460e-02
0.935802 0.935802 8.465543e-01 8.387968e-03
0.938175 0.938175 5.111897e-01 5.042156e-03
0.891095 0.891095 9.191747e+00 9.181319e-02
0.921409 0.921409 4.007791e+00 3.996767e-02
0.941572 0.941572 5.923241e-01 5.895672e-03
0.905214 0.905214 7.269017e+00 7.251032e-02
0.916441 0.916441 4.402170e+00 4.401569e-02
0.937348 0.937348 9.428107e-01 9.382894e-03
0.877012 0.877012 2.321120e+01 2.317882e-01
0.933376 0.933376 2.012581e+00 2.002602e-02
