0.829166 0.829166 1.003002e+00 9.993758e-03
0.829051 0.829051 9.496832e-01 9.487360e-03
0.784847 0.784847 3.457125e+00 3.454649e-02
0.776755 0.776755 2.081174e+00 2.079516e-02
0.815304 0.815304 1.253102e+00 1.252880e-02
0.761123 0.761123 5.930571e+00 5.927602e-02
0.767192 0.767192 3.831075e+00 3.830011e-02
0.832486 0.832486 2.469850e+00 2.466623e-02
0.783320 0.783320 1.964205e+00 1.963242e-02
0.794972 0.794972 1.525590e+00 1.525017e-02
0.795254 0.795254 1.429217e+00 1.428342e-02
0.807324 0.807324 4.165580e+00 4.161632e-02
0.821445 0.821445 2.849390e+00 2.848963e-02
0.815286 0.815286 1.436332e+00 1.435839e-02
0.745229 0.745229 2.172960e+00 2.172126e-02
0.805006 0.805006 2.760044e+00 2.756496e-02
0.866251 0.866251 7.133031e-01 7.125425e-03
0.766668 0.766668 3.623071e+00 3.620057e-02
0.760422 0.760422 6.169096e+00 6.164762e-02
0.789190 0.789190 3.104853e+00 3.102429e-02
0.827589 0.827589 9.279909e-01 9.260742e-03
0.816336 0.816336 2.632170e+00 2.629799e-02
0.764201 0.764201 3.370612e+00 3.369803e-02
0.756741 0.756741 4.770256e+00 4.764828e-02
0.718098 0.718098 5.792116e+00 5.791884e-02
0.764497 0.764497 2.112322e+00 2.112003e-02
0.738983 0.738983 7.467918e+00 7.465540e-02
0.723552 0.723552 9.401967e+00 9.394873e-02
0.739855 0.739855 4.947049e+00 4.943057e-02
0.793568 0.793568 3.052824e+00 3.049151e-02
0.835198 0.835198 9.338174e-01 9.326282e-03
0.760529 0.760529 2.003775e+00 2.003630e-02
0.775153 0.775153 5.682520e+00 5.673370e-02
0.782681 0.782681 8.313684e-01 8.310218e-03
0.767044 0.767044 3.074540e+00 3.074295e-02
0.860473 0.860473 8.044317e-01 8.029725e-03
0.826578 0.826578 1.111208e+00 1.109326e-02
0.825895 0.825895 2.027665e+00 2.025170e-02
0.833365 0.833365 8.186781e-01 8.179305e-03
0.773166 0.773166 3.800315e+00 3.798569e-02
0.857029 0.857029 6.659189e-01 6.645914e-03
0.755278 0.755278 3.641994e+00 3.641150e-02
0.823602 0.823602 1.563539e+00 1.558740e-02
0.825364 0.825364 1.416025e+00 1.415906e-02
0.802908 0.802908 2.606124e+00 2.603785e-02
0.761653 0.761653 5.182344e+00 5.180676e-02
0.835976 0.835976 7.145452e-01 7.122468e-03
0.759297 0.759297 3.818153e+00 3.816577e-02
0.868404 0.868404 6.734422e-01 6.676651e-03
0.843993 0.843993 9.170093e-01 9.154522e-03
0.857058 0.857058 1.012399e+00 1.008864e-02
0.847878 0.847878 1.052171e+00 1.046532e-02
0.810957 0.810957 1.511333e+00 1.510890e-02
0.757811 0.757811 6.935447e+00 6.929753e-02
0.778526 0.778526 2.987597e+00 2.987204e-02
0.803872 0.803872 1.633853e+00 1.632193e-02
0.819320 0.819320 1.469072e+00 1.468032e-02
0.743482 0.743482 5.519563e+00 5.517972e-02
0.776574 0.776574 3.397496e+00 3.394198e-02
0.857394 0.857394 6.823521e-01 6.815157e-03
0.825696 0.825696 1.502246e+00 1.502017e-02
0.793308 0.793308 1.703317e+00 1.701409e-02
0.751853 0.751853 1.781302e+00 1.779637e-02
0.785828 0.785828 2.886491e+00 2.883687e-02
0.689673 0.689673 1.137752e+01 1.137521e-01
0.780115 0.780115 2.681510e+00 2.679650e-02
0.830799 0.830799 1.160401e+00 1.154481e-02
0.815268 0.815268 8.488513e-01 8.470979e-03
0.833043 0.833043 1.136825e+00 1.133730e-02
0.729846 0.729846 4.182533e+00 4.179135e-02
0.850380 0.850380 1.150247e+00 1.144929e-02
0.748042 0.748042 4.149597e+00 4.144135e-02
0.794747 0.794747 7.341071e-01 7.335228e-03
0.802010 0.802010 1.356736e+00 1.356176e-02
0.890347 0.890347 5.573569e-01 5.551169e-03
0.816128 0.816128 1.338337e+00 1.337578e-02
0.826857 0.826857 1.003533e+00 1.001721e-02
0.777529 0.777529 3.879824e+00 3.879643e-02
0.826692 0.826692 1.541702e+00 1.541172e-02
0.820186 0.820186 1.532222e+00 1.528357e-02
0.783957 0.783957 4.456129e+00 4.448818e-02
0.797926 0.797926 5.114483e+00 5.112657e-02
0.784750 0.784750 2.242005e+00 2.235995e-02
0.800938 0.800938 2.203794e+00 2.203653e-02
0.813997 0.813997 1.531592e+00 1.529685e-02
0.840931 0.840931 1.581183e+00 1.575230e-02
0.832801 0.832801 2.359348e+00 2.358918e-02
0.807891 0.807891 2.700891e+00 2.692952e-02
0.787933 0.787933 1.466452e+00 1.466065e-02
0.783324 0.783324 2.514161e+00 2.513976e-02
0.836819 0.836819 1.295069e+00 1.293118e-02
0.793275 0.793275 1.578617e+00 1.577100e-02
0.790883 0.790883 3.145279e+00 3.143361e-02
0.810467 0.810467 2.077611e+00 2.073819e-02
0.766641 0.766641 5.059358e+00 5.055686e-02
0.862372 0.862372 8.522711e-01 8.481220e-03
0.799105 0.799105 8.946793e-01 8.932922e-03
0.754287 0.754287 5.020623e+00 5.017268e-02
0.688096 0.688096 7.794415e-01 7.793219e-03
0.774227 0.774227 7.509297e+00 7.505906e-02
0.799025 0.799025 3.137837e+00 3.135473e-02
0.807330 0.807330 1.767151e+00 1.766613e-02
0.720415 0.720415 1.150279e+01 1.149822e-01
0.783732 0.783732 4.542591e+00 4.540629e-02
0.871834 0.871834 8.063708e-01 8.035037e-03
0.765817 0.765817 3.856621e+00 3.853914e-02
0.796888 0.796888 2.155682e+00 2.155637e-02
0.790484 0.790484 2.700890e+00 2.700537e-02
0.805387 0.805387 3.029281e+00 3.028729e-02
0.848062 0.848062 1.269826e+00 1.268787e-02
0.791168 0.791168 1.416115e+00 1.415525e-02
0.743634 0.743634 5.400280e+00 5.397659e-02
0.736467 0.736467 5.612999e+00 5.608516e-02
0.842792 0.842792 1.308416e+00 1.305808e-02
0.816988 0.816988 1.521366e+00 1.517373e-02
0.777315 0.777315 2.683507e+00 2.678852e-02
0.761887 0.761887 2.055808e+00 2.055656e-02
0.864643 0.864643 7.267611e-01 7.264890e-03
0.783095 0.783095 4.976249e+00 4.973039e-02
0.803158 0.803158 2.297655e+00 2.296656e-02
0.764981 0.764981 4.274594e+00 4.270838e-02
0.761231 0.761231 1.500584e+00 1.499676e-02
0.765726 0.765726 6.142544e+00 6.142503e-02
0.815631 0.815631 9.607299e-01 9.597807e-03
0.818269 0.818269 1.338446e+00 1.334964e-02
0.754780 0.754780 1.764816e+00 1.763762e-02
0.876224 0.876224 6.013453e-01 5.989831e-03
0.759550 0.759550 1.208773e+00 1.207676e-02
0.778303 0.778303 3.545553e+00 3.544258e-02
0.819451 0.819451 9.291698e-01 9.287681e-03
0.849053 0.849053 6.804395e-01 6.773008e-03
0.831891 0.831891 1.641092e+00 1.640213e-02
0.770629 0.770629 1.946773e+00 1.944696e-02
0.804735 0.804735 1.660787e+00 1.659178e-02
0.873798 0.873798 7.432702e-01 7.417534e-03
0.835019 0.835019 1.379292e+00 1.375101e-02
0.789164 0.789164 1.083250e+00 1.083079e-02
0.808531 0.808531 3.777579e+00 3.771963e-02
0.725750 0.725750 6.802765e+00 6.801896e-02
0.763301 0.763301 1.858982e+00 1.857599e-02
0.761838 0.761838 7.018387e+00 7.004747e-02
0.792380 0.792380 3.136398e+00 3.134002e-02
0.759157 0.759157 2.090416e+00 2.088955e-02
0.838870 0.838870 1.189406e+00 1.187059e-02
0.792636 0.792636 1.500716e+00 1.500366e-02
0.813234 0.813234 1.684941e+00 1.680221e-02
0.769270 0.769270 2.128848e+00 2.128401e-02
0.828533 0.828533 1.210078e+00 1.208785e-02
0.837741 0.837741 1.002921e+00 1.002093e-02
0.777750 0.777750 3.194194e+00 3.186990e-02
0.796723 0.796723 1.416914e+00 1.416713e-02
0.759431 0.759431 4.391269e+00 4.389504e-02
0.805621 0.805621 1.790082e+00 1.786888e-02
0.728751 0.728751 3.863540e+00 3.860728e-02
0.747240 0.747240 7.487113e+00 7.483252e-02
0.863265 0.863265 5.443626e-01 5.430508e-03
0.810185 0.810185 4.020271e+00 4.009807e-02
0.790193 0.790193 4.634051e+00 4.628028e-02
0.762127 0.762127 1.628657e+00 1.627416e-02
0.840040 0.840040 9.006020e-01 8.982506e-03
0.773908 0.773908 3.055022e+00 3.054105e-02
0.804239 0.804239 1.149404e+00 1.149102e-02
0.704836 0.704836 8.840927e+00 8.840747e-02
0.755240 0.755240 2.688148e+00 2.687815e-02
0.809497 0.809497 3.091902e+00 3.084277e-02
0.769299 0.769299 1.136274e+00 1.135613e-02
0.821099 0.821099 1.103039e+00 1.099024e-02
0.793121 0.793121 2.740392e+00 2.740122e-02
0.779109 0.779109 3.200667e+00 3.197880e-02
0.912756 0.912756 4.206002e-01 4.151478e-03
0.860271 0.860271 9.996748e-01 9.994471e-03
0.871205 0.871205 7.632036e-01 7.600878e-03
0.831768 0.831768 4.684302e-01 4.669065e-03
0.846635 0.846635 7.882373e-01 7.859267e-03
0.841574 0.841574 9.822377e-01 9.819347e-03
0.837457 0.837457 7.496422e-01 7.490357e-03
0.766568 0.766568 3.619967e+00 3.616857e-02
0.738850 0.738850 4.228519e+00 4.226789e-02
0.753292 0.753292 4.642949e+00 4.641524e-02
0.829406 0.829406 1.100273e+00 1.098792e-02
0.762344 0.762344 5.661654e+00 5.656196e-02
0.783364 0.783364 2.530664e+00 2.528966e-02
0.747701 0.747701 2.337228e+00 2.336023e-02
0.741514 0.741514 3.508519e+00 3.508007e-02
0.810956 0.810956 1.939653e+00 1.937395e-02
0.835434 0.835434 8.348696e-01 8.331774e-03
0.813528 0.813528 1.014763e+00 1.013013e-02
0.823419 0.823419 1.003303e+00 1.002241e-02
0.835916 0.835916 1.233352e+00 1.231725e-02
0.785039 0.785039 1.125516e+00 1.124271e-02
0.849510 0.849510 9.330960e-01 9.292020e-03
0.734777 0.734777 4.366958e+00 4.365650e-02
0.916216 0.916216 4.827210e-01 4.819404e-03
0.723611 0.723611 9.295183e+00 9.291918e-02
0.861843 0.861843 9.075555e-01 9.069500e-03
0.845427 0.845427 1.775699e+00 1.772190e-02
0.830473 0.830473 1.368156e+00 1.364415e-02
0.787313 0.787313 2.263687e+00 2.262219e-02
0.802216 0.802216 1.278714e+00 1.276381e-02
0.784622 0.784622 5.102719e+00 5.091834e-02
0.782114 0.782114 1.973046e+00 1.972951e-02
0.737993 0.737993 3.224422e+00 3.223770e-02
0.804396 0.804396 1.678902e+00 1.675899e-02
0.838947 0.838947 1.001909e+00 1.000227e-02
0.844598 0.844598 9.174832e-01 9.146516e-03
0.863361 0.863361 6.669860e-01 6.649998e-03
0.749971 0.749971 2.954392e+00 2.953088e-02
0.853983 0.853983 1.022839e+00 1.015668e-02
0.793260 0.793260 1.829241e+00 1.826851e-02
0.781023 0.781023 2.614308e+00 2.610260e-02
0.728576 0.728576 5.139513e+00 5.137193e-02
0.805706 0.805706 1.586149e+00 1.585045e-02
0.792049 0.792049 3.823493e+00 3.823414e-02
0.747302 0.747302 3.484918e+00 3.483077e-02
0.769668 0.769668 2.155773e+00 2.155293e-02
0.773350 0.773350 2.162488e+00 2.161848e-02
0.760397 0.760397 1.661987e+00 1.661049e-02
0.719096 0.719096 2.283842e+00 2.282190e-02
0.729816 0.729816 2.909350e+00 2.907962e-02
0.824158 0.824158 1.069541e+00 1.069075e-02
0.760342 0.760342 2.777493e+00 2.777338e-02
0.776549 0.776549 4.235159e+00 4.234793e-02
0.793128 0.793128 4.241901e+00 4.240128e-02
0.780844 0.780844 1.453032e+00 1.452894e-02
0.787576 0.787576 4.858424e+00 4.856450e-02
0.810081 0.810081 1.393533e+00 1.390426e-02
0.779155 0.779155 2.233446e+00 2.230555e-02
0.824006 0.824006 1.864640e+00 1.862324e-02
0.864784 0.864784 8.657838e-01 8.619873e-03
0.761389 0.761389 2.414409e+00 2.413356e-02
0.764250 0.764250 1.219005e+00 1.217315e-02
0.707707 0.707707 6.563045e+00 6.562489e-02
0.738079 0.738079 7.961809e+00 7.957024e-02
0.765150 0.765150 2.764370e+00 2.763729e-02
0.766254 0.766254 3.460292e+00 3.458818e-02
0.793398 0.793398 2.028013e+00 2.027185e-02
0.818436 0.818436 1.943740e+00 1.940139e-02
0.769365 0.769365 3.309676e+00 3.307476e-02
0.823017 0.823017 2.837435e+00 2.836225e-02
0.818524 0.818524 2.058975e+00 2.057124e-02
0.811510 0.811510 3.309550e+00 3.307308e-02
0.783363 0.783363 2.537771e+00 2.535215e-02
0.780664 0.780664 2.502566e+00 2.499544e-02
0.863426 0.863426 9.779173e-01 9.766243e-03
0.784516 0.784516 2.507720e+00 2.506392e-02
0.789619 0.789619 1.221120e+00 1.219824e-02
0.686925 0.686925 1.084899e+01 1.084617e-01
0.829411 0.829411 9.493323e-01 9.467340e-03
0.803021 0.803021 1.245056e+00 1.243106e-02
0.825843 0.825843 1.735637e+00 1.728904e-02
0.847385 0.847385 8.812929e-01 8.807836e-03
0.815683 0.815683 2.988803e+00 2.988321e-02
0.815100 0.815100 1.316320e+00 1.315244e-02
0.865701 0.865701 7.361696e-01 7.345150e-03
0.754489 0.754489 5.821642e+00 5.820546e-02
0.755071 0.755071 1.904746e+00 1.904493e-02
0.800989 0.800989 1.591423e+00 1.591239e-02
0.854147 0.854147 7.479132e-01 7.464154e-03
0.853082 0.853082 8.232460e-01 8.223649e-03
0.770347 0.770347 5.436915e+00 5.430995e-02
0.754989 0.754989 6.595473e+00 6.589550e-02
0.812853 0.812853 2.091070e+00 2.088334e-02
0.754892 0.754892 2.965379e+00 2.962340e-02
0.814592 0.814592 1.291641e+00 1.291178e-02
0.724161 0.724161 8.034264e+00 8.028960e-02
0.828677 0.828677 5.250839e-01 5.246871e-03
0.829541 0.829541 1.040862e+00 1.040783e-02
0.770082 0.770082 4.633190e+00 4.630532e-02
0.814607 0.814607 6.169557e-01 6.154075e-03
0.802574 0.802574 8.915843e-01 8.888293e-03
0.859700 0.859700 7.418830e-01 7.391698e-03
0.810883 0.810883 2.441621e+00 2.441249e-02
0.712816 0.712816 9.812161e+00 9.810956e-02
0.736762 0.736762 5.325036e+00 5.323780e-02
0.831721 0.831721 8.484774e-01 8.457105e-03
0.818551 0.818551 1.203628e+00 1.200936e-02
0.828881 0.828881 1.465375e+00 1.461105e-02
0.873546 0.873546 8.727416e-01 8.724704e-03
0.739107 0.739107 2.411015e+00 2.409971e-02
0.744758 0.744758 2.835962e+00 2.835624e-02
0.879943 0.879943 5.717864e-01 5.692085e-03
0.780731 0.780731 3.753171e+00 3.750191e-02
0.808753 0.808753 2.058045e+00 2.055581e-02
0.801794 0.801794 1.008634e+00 1.007967e-02
0.751326 0.751326 5.059002e+00 5.056738e-02
0.766995 0.766995 3.101540e+00 3.100986e-02
0.870972 0.870972 7.606849e-01 7.589353e-03
0.820782 0.820782 1.234765e+00 1.232850e-02
0.757476 0.757476 4.481966e+00 4.477731e-02
0.827485 0.827485 7.475112e-01 7.470797e-03
0.856940 0.856940 9.460664e-01 9.458451e-03
0.818278 0.818278 1.744552e+00 1.742635e-02
0.827772 0.827772 1.866792e+00 1.866242e-02
0.811413 0.811413 1.437467e+00 1.435945e-02
0.846378 0.846378 1.113708e+00 1.110142e-02
0.827553 0.827553 1.210560e+00 1.208145e-02
0.807668 0.807668 1.944188e+00 1.943910e-02
0.778559 0.778559 2.869186e+00 2.868444e-02
0.728183 0.728183 7.438021e+00 7.434345e-02
0.774752 0.774752 2.023955e+00 2.022655e-02
0.808157 0.808157 1.709302e+00 1.708227e-02
0.767994 0.767994 3.288422e+00 3.285193e-02
0.819543 0.819543 1.178464e+00 1.176253e-02
0.722552 0.722552 7.039400e+00 7.036714e-02
0.839414 0.839414 7.142570e-01 7.139601e-03
0.866470 0.866470 8.533360e-01 8.481248e-03
0.830523 0.830523 1.718767e+00 1.716668e-02
0.762346 0.762346 3.384891e+00 3.383870e-02
0.753461 0.753461 1.816141e+00 1.815097e-02
0.784215 0.784215 1.441262e+00 1.440771e-02
0.850945 0.850945 7.595600e-01 7.559536e-03
0.833029 0.833029 1.205096e+00 1.203355e-02
0.757702 0.757702 8.361986e+00 8.350073e-02
0.785443 0.785443 1.871728e+00 1.869817e-02
0.769840 0.769840 5.903665e+00 5.900901e-02
0.713917 0.713917 2.207324e+00 2.206495e-02
0.818550 0.818550 1.458699e+00 1.455966e-02
0.795119 0.795119 1.322426e+00 1.320536e-02
0.825610 0.825610 1.792868e+00 1.791859e-02
0.854200 0.854200 7.107300e-01 7.091604e-03
0.853808 0.853808 1.160439e+00 1.156380e-02
0.792824 0.792824 2.260463e+00 2.258784e-02
0.752447 0.752447 2.317061e+00 2.316107e-02
0.804763 0.804763 1.321896e+00 1.319980e-02
0.752424 0.752424 1.984688e+00 1.984202e-02
0.722117 0.722117 8.480622e+00 8.478705e-02
0.785046 0.785046 3.675362e+00 3.670648e-02
0.781280 0.781280 1.644100e+00 1.642664e-02
0.728892 0.728892 3.044998e+00 3.044100e-02
0.778037 0.778037 4.045478e+00 4.044338e-02
0.808833 0.808833 1.838317e+00 1.836822e-02
0.792273 0.792273 3.297569e+00 3.295389e-02
0.696237 0.696237 1.099480e+01 1.099141e-01
0.810655 0.810655 2.341601e+00 2.337982e-02
0.832045 0.832045 8.708176e-01 8.680589e-03
0.797910 0.797910 1.717280e+00 1.714578e-02
0.816922 0.816922 1.250111e+00 1.247752e-02
0.788025 0.788025 9.030111e+00 9.026417e-02
0.712956 0.712956 5.430123e+00 5.429280e-02
0.766155 0.766155 4.432558e+00 4.426168e-02
0.811282 0.811282 2.041537e+00 2.040862e-02
0.754684 0.754684 3.588872e+00 3.586806e-02
0.841533 0.841533 7.661547e-01 7.646604e-03
0.766534 0.766534 2.267215e+00 2.264782e-02
0.856530 0.856530 1.156915e+00 1.151910e-02
0.815908 0.815908 2.066376e+00 2.062823e-02
0.810665 0.810665 2.842643e+00 2.841463e-02
0.760095 0.760095 2.406394e+00 2.406289e-02
0.776102 0.776102 3.143421e+00 3.141102e-02
0.745842 0.745842 2.545912e+00 2.542801e-02
0.809179 0.809179 1.411667e+00 1.411361e-02
0.811003 0.811003 1.536118e+00 1.536049e-02
0.774973 0.774973 3.496045e+00 3.494609e-02
0.805194 0.805194 1.760872e+00 1.760050e-02
0.706704 0.706704 5.764685e+00 5.764319e-02
0.842710 0.842710 2.796347e+00 2.791132e-02
0.760654 0.760654 1.635337e+00 1.634553e-02
0.810219 0.810219 1.663113e+00 1.662930e-02
0.775923 0.775923 2.185267e+00 2.184652e-02
0.882320 0.882320 5.120986e-01 5.103373e-03
0.750908 0.750908 5.682083e+00 5.677629e-02
0.705505 0.705505 1.260637e+01 1.259873e-01
0.804736 0.804736 1.458499e+00 1.457927e-02
0.778619 0.778619 2.435554e+00 2.435476e-02
0.823205 0.823205 9.012243e-01 8.995839e-03
0.790322 0.790322 1.335511e+00 1.335485e-02
0.806745 0.806745 2.599552e+00 2.598891e-02
0.794811 0.794811 2.643817e+00 2.643317e-02
0.783142 0.783142 2.511611e+00 2.509143e-02
0.813176 0.813176 5.537113e-01 5.536781e-03
0.803170 0.803170 2.095659e+00 2.092878e-02
0.839767 0.839767 9.881766e-01 9.840340e-03
0.750317 0.750317 4.010574e+00 4.010128e-02
0.821642 0.821642 2.087349e+00 2.085023e-02
0.819523 0.819523 1.526657e+00 1.526366e-02
0.824722 0.824722 1.105261e+00 1.103706e-02
0.799806 0.799806 3.736821e+00 3.732661e-02
0.783397 0.783397 4.412995e+00 4.412397e-02
0.701322 0.701322 5.030051e+00 5.028561e-02
0.854773 0.854773 5.840296e-01 5.826703e-03
0.788319 0.788319 3.053717e+00 3.050255e-02
0.736249 0.736249 7.911446e+00 7.907177e-02
0.759814 0.759814 4.748437e+00 4.744750e-02
0.841067 0.841067 1.524983e+00 1.524680e-02
0.792501 0.792501 1.411237e+00 1.410967e-02
0.743803 0.743803 4.044299e+00 4.041392e-02
0.753497 0.753497 5.919798e+00 5.913771e-02
0.786530 0.786530 2.368646e+00 2.368112e-02
0.775483 0.775483 1.728013e+00 1.727729e-02
0.814340 0.814340 3.231834e+00 3.226255e-02
0.834918 0.834918 1.018261e+00 1.017167e-02
0.757818 0.757818 4.178891e+00 4.176769e-02
0.751770 0.751770 7.656043e+00 7.650684e-02
0.797663 0.797663 1.295906e+00 1.295483e-02
0.808463 0.808463 1.799258e+00 1.798374e-02
0.808232 0.808232 1.396151e+00 1.395182e-02
0.683953 0.683953 6.753077e+00 6.752202e-02
0.730955 0.730955 7.142324e+00 7.139777e-02
0.804543 0.804543 8.158009e-01 8.140803e-03
0.823639 0.823639 8.471658e-01 8.462649e-03
0.746140 0.746140 5.018356e+00 5.018305e-02
0.816755 0.816755 6.604758e-01 6.602091e-03
0.747785 0.747785 6.746491e+00 6.743579e-02
0.839131 0.839131 9.204422e-01 9.186410e-03
0.762996 0.762996 7.082209e+00 7.072612e-02
0.846684 0.846684 1.084709e+00 1.080327e-02
0.824820 0.824820 8.759598e-01 8.735822e-03
0.848325 0.848325 7.583872e-01 7.571451e-03
0.791769 0.791769 3.265972e+00 3.265678e-02
0.791217 0.791217 3.370772e+00 3.366488e-02
0.831466 0.831466 1.134051e+00 1.132852e-02
0.802291 0.802291 2.143378e+00 2.140858e-02
0.788830 0.788830 9.561902e-01 9.560445e-03
0.897629 0.897629 4.672614e-01 4.668508e-03
0.824357 0.824357 1.444752e+00 1.444242e-02
0.786770 0.786770 1.036779e+00 1.035803e-02
0.784107 0.784107 2.224173e+00 2.223439e-02
0.796635 0.796635 1.087386e+00 1.086401e-02
0.762681 0.762681 4.030972e+00 4.027867e-02
0.853835 0.853835 5.176283e-01 5.170598e-03
0.857037 0.857037 5.830724e-01 5.818690e-03
0.796733 0.796733 3.013217e+00 3.009173e-02
0.756409 0.756409 8.437599e+00 8.430844e-02
0.807385 0.807385 1.121200e+00 1.120317e-02
0.781948 0.781948 3.394948e+00 3.393854e-02
0.826072 0.826072 1.757965e+00 1.756946e-02
0.840198 0.840198 7.507107e-01 7.476970e-03
0.909257 0.909257 4.856607e-01 4.849536e-03
0.868410 0.868410 8.018805e-01 7.980286e-03
0.814201 0.814201 9.201734e-01 9.191826e-03
0.788543 0.788543 1.200095e+00 1.199378e-02
0.754329 0.754329 2.234885e+00 2.234859e-02
0.809424 0.809424 1.769972e+00 1.763625e-02
0.775321 0.775321 3.350631e+00 3.344126e-02
0.762338 0.762338 4.011241e+00 4.005645e-02
0.811569 0.811569 1.784881e+00 1.780729e-02
0.769783 0.769783 2.571212e+00 2.570705e-02
0.747889 0.747889 4.535245e+00 4.534544e-02
0.805669 0.805669 1.263031e+00 1.260051e-02
0.804003 0.804003 2.342173e+00 2.340677e-02
0.753043 0.753043 2.889189e+00 2.887592e-02
0.824057 0.824057 1.101054e+00 1.098887e-02
0.814767 0.814767 1.268758e+00 1.266994e-02
0.823446 0.823446 1.546304e+00 1.544829e-02
0.749223 0.749223 7.939404e+00 7.931966e-02
0.806789 0.806789 2.955356e+00 2.955241e-02
0.881714 0.881714 6.131714e-01 6.124717e-03
0.787361 0.787361 2.397730e+00 2.396648e-02
0.845739 0.845739 8.770807e-01 8.736002e-03
0.775817 0.775817 2.377962e+00 2.376359e-02
0.745437 0.745437 2.350364e+00 2.349398e-02
0.816817 0.816817 1.853024e+00 1.851119e-02
0.821383 0.821383 1.219995e+00 1.219955e-02
0.763331 0.763331 8.899366e+00 8.890617e-02
0.772389 0.772389 2.258245e+00 2.256803e-02
0.812519 0.812519 2.142923e+00 2.141234e-02
0.791602 0.791602 3.406134e+00 3.398702e-02
0.745511 0.745511 8.498418e+00 8.495884e-02
0.810390 0.810390 5.492960e+00 5.485441e-02
0.774122 0.774122 2.257420e+00 2.256338e-02
0.823023 0.823023 1.391580e+00 1.390432e-02
0.776606 0.776606 1.852750e+00 1.850390e-02
0.853534 0.853534 9.143347e-01 9.124883e-03
0.773975 0.773975 1.393232e+00 1.392196e-02
0.844108 0.844108 9.458608e-01 9.432670e-03
0.857978 0.857978 4.974360e-01 4.944461e-03
0.753828 0.753828 5.918982e+00 5.915724e-02
0.873670 0.873670 5.622651e-01 5.593487e-03
0.851891 0.851891 9.275291e-01 9.241639e-03
0.745589 0.745589 3.125335e+00 3.123640e-02
0.801930 0.801930 1.001332e+00 1.000995e-02
0.819245 0.819245 2.231593e+00 2.226010e-02
0.811210 0.811210 1.049563e+00 1.049183e-02
0.710952 0.710952 9.495672e+00 9.494153e-02
0.725878 0.725878 6.631608e+00 6.628123e-02
0.763456 0.763456 2.259006e+00 2.258164e-02
0.759874 0.759874 2.358812e+00 2.357806e-02
0.800649 0.800649 2.300023e+00 2.299048e-02
0.843369 0.843369 8.084335e-01 8.076235e-03
0.868803 0.868803 8.609109e-01 8.584232e-03
0.770739 0.770739 4.653212e+00 4.652699e-02
0.783199 0.783199 2.366546e+00 2.364604e-02
0.730992 0.730992 7.098083e+00 7.095688e-02
0.743713 0.743713 7.916105e+00 7.908589e-02
0.760885 0.760885 1.156966e+00 1.155085e-02
0.766394 0.766394 4.150458e+00 4.148754e-02
0.858636 0.858636 1.319312e+00 1.312341e-02
0.757691 0.757691 3.373230e+00 3.371865e-02
0.807228 0.807228 1.547321e+00 1.544074e-02
0.871353 0.871353 7.943900e-01 7.943113e-03
0.803888 0.803888 3.131991e+00 3.129263e-02
0.840142 0.840142 1.031387e+00 1.028515e-02
0.803672 0.803672 2.849899e+00 2.849497e-02
0.784372 0.784372 2.046836e+00 2.046220e-02
0.838891 0.838891 1.530631e+00 1.529621e-02
0.822271 0.822271 9.997957e-01 9.981974e-03
0.753176 0.753176 2.234907e+00 2.234325e-02
0.778620 0.778620 2.788563e+00 2.788034e-02
0.875736 0.875736 7.491251e-01 7.449228e-03
0.816732 0.816732 2.482295e+00 2.479636e-02
