0.934111 0.934111 1.502402e+00 1.501170e-02
0.913074 0.913074 4.769138e+00 4.762728e-02
0.937613 0.937613 1.262743e+00 1.254392e-02
0.933686 0.933686 1.649514e+00 1.647138e-02
0.910826 0.910826 5.697366e+00 5.687478e-02
0.935399 0.935399 6.589099e-01 6.583451e-03
0.927540 0.927540 1.560609e+00 1.559466e-02
0.914793 0.914793 2.899057e+00 2.895816e-02
0.945354 0.945354 4.964531e-01 4.958988e-03
0.936705 0.936705 8.808427e-01 8.785622e-03
0.917511 0.917511 2.733715e+00 2.733115e-02
0.920674 0.920674 3.048891e+00 3.042925e-02
0.928353 0.928353 1.837119e+00 1.828677e-02
0.931803 0.931803 1.170242e+00 1.170219e-02
0.940935 0.940935 4.712718e-01 4.668163e-03
0.907681 0.907681 2.754362e+00 2.750870e-02
0.924735 0.924735 1.450645e+00 1.447305e-02
0.939539 0.939539 7.177479e-01 7.125554e-03
0.917854 0.917854 3.867099e+00 3.859030e-02
0.931157 0.931157 9.445174e-01 9.432109e-03
0.974546 0.974546 2.343645e-01 2.309489e-03
0.930208 0.930208 1.865538e+00 1.858473e-02
0.894509 0.894509 4.714958e+00 4.711322e-02
0.890304 0.890304 1.057118e+01 1.055045e-01
0.919053 0.919053 2.316460e+00 2.308934e-02
0.932451 0.932451 7.136844e-01 7.116186e-03
0.925056 0.925056 1.132885e+00 1.126427e-02
0.935007 0.935007 5.233659e-01 5.221409e-03
0.944701 0.944701 6.643180e-01 6.626728e-03
0.918721 0.918721 2.961791e+00 2.961186e-02
0.882805 0.882805 1.291662e+01 1.291039e-01
0.916517 0.916517 2.876343e+00 2.874959e-02
0.939495 0.939495 7.499747e-01 7.456686e-03
0.903676 0.903676 3.571159e+00 3.563804e-02
0.943676 0.943676 5.099368e-01 5.038010e-03
0.918860 0.918860 3.700970e+00 3.698963e-02
0.921678 0.921678 2.304487e+00 2.301082e-02
0.914137 0.914137 4.614325e+00 4.598795e-02
0.927563 0.927563 1.551977e+00 1.538773e-02
0.934512 0.934512 1.528278e+00 1.523704e-02
0.930512 0.930512 9.335622e-01 9.326482e-03
0.947049 0.947049 5.981384e-01 5.934254e-03
0.938282 0.938282 6.450031e-01 6.444585e-03
0.926872 0.926872 7.423365e-01 7.396854e-03
0.918557 0.918557 3.842797e+00 3.841167e-02
0.934208 0.934208 9.740067e-01 9.681853e-03
0.942789 0.942789 6.923840e-01 6.905918e-03
0.888153 0.888153 1.022575e+01 1.021797e-01
0.922016 0.922016 3.042944e+00 3.032841e-02
0.898518 0.898518 1.003644e+01 1.001801e-01
0.940365 0.940365 6.863588e-01 6.804874e-03
0.919904 0.919904 1.884143e+00 1.877380e-02
0.938458 0.938458 9.524207e-01 9.488634e-03
0.934957 0.934957 5.084066e-01 5.039925e-03
0.944682 0.944682 4.570559e-01 4.547776e-03
0.935079 0.935079 1.018794e+00 1.007867e-02
0.925250 0.925250 1.190413e+00 1.188468e-02
0.917750 0.917750 2.930212e+00 2.929674e-02
0.941517 0.941517 7.890865e-01 7.821146e-03
0.907376 0.907376 4.907311e+00 4.896874e-02
0.925490 0.925490 1.794864e+00 1.791095e-02
0.892632 0.892632 1.141156e+01 1.141009e-01
0.936830 0.936830 6.816977e-01 6.802623e-03
0.921351 0.921351 2.627492e+00 2.626428e-02
0.923929 0.923929 1.350314e+00 1.348433e-02
0.912247 0.912247 6.899262e+00 6.877735e-02
0.927351 0.927351 1.704792e+00 1.703891e-02
0.919883 0.919883 2.400780e+00 2.397189e-02
0.940748 0.940748 1.011232e+00 1.008226e-02
0.941062 0.941062 8.129058e-01 8.062115e-03
0.890813 0.890813 7.578005e+00 7.554575e-02
0.922974 0.922974 1.282901e+00 1.275073e-02
0.922404 0.922404 1.878198e+00 1.869197e-02
0.919463 0.919463 2.060679e+00 2.058843e-02
0.958445 0.958445 3.478045e-01 3.444476e-03
0.895395 0.895395 6.646799e+00 6.645892e-02
0.930906 0.930906 1.318906e+00 1.309356e-02
0.931683 0.931683 2.020177e+00 2.017921e-02
0.916301 0.916301 2.684632e+00 2.680332e-02
0.910827 0.910827 3.368616e+00 3.362108e-02
0.931586 0.931586 1.418822e+00 1.413359e-02
0.924391 0.924391 2.224415e+00 2.220680e-02
0.923915 0.923915 4.204886e+00 4.187118e-02
0.923404 0.923404 2.358946e+00 2.356812e-02
0.910829 0.910829 3.339148e+00 3.331217e-02
0.920567 0.920567 1.710755e+00 1.704317e-02
0.929751 0.929751 1.604834e+00 1.595437e-02
0.937578 0.937578 9.621013e-01 9.618884e-03
0.928490 0.928490 1.676805e+00 1.672814e-02
0.934464 0.934464 8.785978e-01 8.771053e-03
0.954801 0.954801 3.008501e-01 2.973448e-03
0.913786 0.913786 3.636651e+00 3.635174e-02
0.886018 0.886018 1.328446e+01 1.326536e-01
0.945057 0.945057 4.794954e-01 4.778815e-03
0.912900 0.912900 2.392562e+00 2.392484e-02
0.945806 0.945806 4.547890e-01 4.489160e-03
0.947408 0.947408 4.079444e-01 4.043694e-03
0.926162 0.926162 1.322685e+00 1.321595e-02
0.891429 0.891429 1.445579e+01 1.443536e-01
0.925412 0.925412 2.507420e+00 2.504760e-02
0.921864 0.921864 3.163240e+00 3.158188e-02
0.936214 0.936214 9.803555e-01 9.773554e-03
0.906353 0.906353 8.079632e+00 8.069351e-02
0.926761 0.926761 1.494401e+00 1.490160e-02
0.904199 0.904199 3.099341e+00 3.087170e-02
0.955462 0.955462 3.502175e-01 3.449684e-03
0.924653 0.924653 1.606163e+00 1.605221e-02
0.914470 0.914470 3.110191e+00 3.105351e-02
0.923392 0.923392 1.019279e+00 1.017463e-02
0.914351 0.914351 3.979077e+00 3.968641e-02
0.932380 0.932380 1.435681e+00 1.432551e-02
0.926262 0.926262 2.514638e+00 2.511752e-02
0.922484 0.922484 2.148382e+00 2.143897e-02
0.900630 0.900630 6.934271e+00 6.923925e-02
0.927577 0.927577 1.995789e+00 1.988408e-02
0.898568 0.898568 8.174903e+00 8.170673e-02
0.916009 0.916009 2.607891e+00 2.604475e-02
0.913014 0.913014 4.773037e+00 4.771464e-02
0.928168 0.928168 2.042674e+00 2.038888e-02
0.892957 0.892957 8.071715e+00 8.056355e-02
0.888934 0.888934 1.376771e+01 1.376601e-01
0.959242 0.959242 2.419607e-01 2.407519e-03
0.941163 0.941163 6.020560e-01 5.986330e-03
0.926758 0.926758 1.098888e+00 1.091411e-02
0.927581 0.927581 1.643376e+00 1.641067e-02
0.940364 0.940364 7.464926e-01 7.457545e-03
0.876392 0.876392 1.656212e+01 1.654903e-01
0.928054 0.928054 1.015454e+00 1.007940e-02
0.925841 0.925841 1.606268e+00 1.600048e-02
0.908756 0.908756 4.265479e+00 4.262572e-02
0.938002 0.938002 7.886113e-01 7.844989e-03
0.915831 0.915831 2.320509e+00 2.319609e-02
0.934332 0.934332 6.847492e-01 6.821582e-03
0.926932 0.926932 1.666756e+00 1.659978e-02
0.935946 0.935946 5.986870e-01 5.947856e-03
0.932183 0.932183 1.309281e+00 1.309099e-02
0.917729 0.917729 4.137827e+00 4.136057e-02
0.929260 0.929260 1.752011e+00 1.743184e-02
0.933093 0.933093 2.241977e+00 2.226083e-02
0.899174 0.899174 1.038308e+01 1.037441e-01
0.890042 0.890042 9.183989e+00 9.179973e-02
0.929916 0.929916 6.485459e-01 6.460468e-03
0.935156 0.935156 9.596411e-01 9.571183e-03
0.906331 0.906331 3.600635e+00 3.591952e-02
0.927462 0.927462 1.437340e+00 1.430654e-02
0.927829 0.927829 8.871090e-01 8.858512e-03
0.940720 0.940720 3.856145e-01 3.819680e-03
0.933879 0.933879 1.218035e+00 1.217265e-02
0.925937 0.925937 1.702763e+00 1.697366e-02
0.929344 0.929344 2.031624e+00 2.024905e-02
0.916517 0.916517 2.786482e+00 2.786041e-02
0.915325 0.915325 3.649018e+00 3.644175e-02
0.932952 0.932952 6.301997e-01 6.245257e-03
0.933607 0.933607 1.148817e+00 1.145594e-02
0.917420 0.917420 3.516788e+00 3.515756e-02
0.926382 0.926382 1.828110e+00 1.824771e-02
0.926529 0.926529 1.978937e+00 1.978523e-02
0.938869 0.938869 8.283403e-01 8.274227e-03
0.945788 0.945788 5.536813e-01 5.516835e-03
0.934349 0.934349 1.007716e+00 9.982545e-03
0.941240 0.941240 6.430122e-01 6.414498e-03
0.948609 0.948609 4.237105e-01 4.214794e-03
0.927097 0.927097 2.142275e+00 2.135497e-02
0.920616 0.920616 3.452938e+00 3.441269e-02
0.926747 0.926747 1.363564e+00 1.362911e-02
0.916003 0.916003 2.923801e+00 2.915815e-02
0.944516 0.944516 5.922076e-01 5.899221e-03
0.924935 0.924935 1.314112e+00 1.312601e-02
0.935768 0.935768 1.044340e+00 1.043671e-02
0.938836 0.938836 6.336692e-01 6.314299e-03
0.911835 0.911835 2.073480e+00 2.070889e-02
0.895118 0.895118 8.088427e+00 8.066573e-02
0.933684 0.933684 1.249565e+00 1.249557e-02
0.937432 0.937432 8.257027e-01 8.248487e-03
0.939897 0.939897 6.966292e-01 6.920790e-03
0.913833 0.913833 5.767919e+00 5.764246e-02
0.933289 0.933289 1.652037e+00 1.648800e-02
0.918321 0.918321 3.440134e+00 3.437276e-02
0.908245 0.908245 6.782995e+00 6.760477e-02
0.909081 0.909081 4.556863e+00 4.545134e-02
0.930865 0.930865 1.361815e+00 1.357810e-02
0.925487 0.925487 2.387069e+00 2.386803e-02
0.948559 0.948559 4.925392e-01 4.867632e-03
0.945096 0.945096 6.654022e-01 6.620056e-03
0.939283 0.939283 1.005009e+00 1.004852e-02
0.910207 0.910207 5.189203e+00 5.176348e-02
0.905591 0.905591 5.500883e+00 5.498292e-02
0.912595 0.912595 3.039128e+00 3.026137e-02
0.929065 0.929065 1.050580e+00 1.048466e-02
0.915493 0.915493 5.763865e+00 5.761264e-02
0.899742 0.899742 7.617512e+00 7.611022e-02
0.909927 0.909927 4.469048e+00 4.463250e-02
0.959814 0.959814 2.969696e-01 2.934491e-03
0.922195 0.922195 4.027393e+00 4.012665e-02
0.919555 0.919555 2.855238e+00 2.848906e-02
0.939487 0.939487 8.567472e-01 8.540073e-03
0.922154 0.922154 9.412544e-01 9.378654e-03
0.912947 0.912947 1.887606e+00 1.882944e-02
0.922023 0.922023 1.327365e+00 1.319722e-02
0.966298 0.966298 2.912449e-01 2.866530e-03
0.926621 0.926621 2.357817e+00 2.349423e-02
0.913009 0.913009 3.077424e+00 3.076866e-02
0.938760 0.938760 8.978701e-01 8.916801e-03
0.919411 0.919411 3.864943e+00 3.852213e-02
0.938112 0.938112 9.264077e-01 9.259125e-03
0.915601 0.915601 3.264433e+00 3.256744e-02
0.926215 0.926215 7.613566e-01 7.562734e-03
0.920886 0.920886 2.659043e+00 2.650536e-02
0.904495 0.904495 6.965568e+00 6.947381e-02
0.919681 0.919681 4.052794e+00 4.032204e-02
0.915767 0.915767 3.846438e+00 3.840425e-02
0.927622 0.927622 1.698344e+00 1.698250e-02
0.912701 0.912701 2.286864e+00 2.285670e-02
0.928130 0.928130 2.780755e+00 2.771120e-02
0.936819 0.936819 7.158912e-01 7.094817e-03
0.935585 0.935585 1.132299e+00 1.121693e-02
0.920284 0.920284 1.929780e+00 1.927295e-02
0.914394 0.914394 3.376187e+00 3.373547e-02
0.919742 0.919742 2.045912e+00 2.038705e-02
0.920770 0.920770 2.246378e+00 2.243171e-02
0.919793 0.919793 4.362743e+00 4.355961e-02
0.906848 0.906848 4.540733e+00 4.524497e-02
0.919049 0.919049 3.564616e+00 3.555072e-02
0.937366 0.937366 5.946333e-01 5.894909e-03
0.904673 0.904673 4.818619e+00 4.805284e-02
0.905320 0.905320 4.581628e+00 4.573686e-02
0.918673 0.918673 2.007996e+00 2.006396e-02
0.931753 0.931753 6.857593e-01 6.837340e-03
0.906164 0.906164 7.163405e+00 7.141497e-02
0.915471 0.915471 3.655494e+00 3.638257e-02
0.916470 0.916470 3.094969e+00 3.092653e-02
0.920453 0.920453 1.949692e+00 1.946863e-02
0.916520 0.916520 4.278311e+00 4.263402e-02
0.927961 0.927961 1.815932e+00 1.812836e-02
0.910466 0.910466 5.355083e+00 5.352815e-02
0.915382 0.915382 2.709638e+00 2.706892e-02
0.887133 0.887133 1.055442e+01 1.053957e-01
0.916995 0.916995 2.354703e+00 2.352859e-02
0.919749 0.919749 3.086235e+00 3.075971e-02
0.908907 0.908907 6.433961e+00 6.429158e-02
0.921331 0.921331 1.966452e+00 1.958978e-02
0.899134 0.899134 7.258657e+00 7.249503e-02
0.918763 0.918763 4.509227e+00 4.493469e-02
0.941348 0.941348 9.209920e-01 9.131234e-03
0.928183 0.928183 1.367655e+00 1.364527e-02
0.934524 0.934524 1.326741e+00 1.324659e-02
0.902830 0.902830 7.912032e+00 7.908050e-02
0.895245 0.895245 9.124394e+00 9.121612e-02
0.937529 0.937529 8.742825e-01 8.736636e-03
0.929121 0.929121 2.525814e+00 2.518812e-02
0.918320 0.918320 1.257287e+00 1.253294e-02
0.911668 0.911668 5.434161e+00 5.417461e-02
0.894054 0.894054 9.448025e+00 9.427639e-02
0.932994 0.932994 8.267590e-01 8.237061e-03
0.929887 0.929887 1.026728e+00 1.024296e-02
0.921640 0.921640 1.378716e+00 1.378710e-02
0.919453 0.919453 3.681133e+00 3.671162e-02
0.907037 0.907037 4.391453e+00 4.388608e-02
0.916011 0.916011 2.047412e+00 2.043468e-02
0.916874 0.916874 2.933256e+00 2.924797e-02
0.957842 0.957842 3.507251e-01 3.450728e-03
0.941630 0.941630 5.206320e-01 5.198330e-03
0.940193 0.940193 5.712374e-01 5.658756e-03
0.919480 0.919480 2.177113e+00 2.176407e-02
0.916322 0.916322 2.754934e+00 2.752894e-02
0.935490 0.935490 6.886068e-01 6.856373e-03
0.920319 0.920319 1.389105e+00 1.383369e-02
0.935617 0.935617 5.996337e-01 5.939830e-03
0.918513 0.918513 3.951047e+00 3.933095e-02
0.920804 0.920804 1.659805e+00 1.656080e-02
0.937132 0.937132 1.133555e+00 1.121440e-02
0.897019 0.897019 1.004668e+01 1.004546e-01
0.929968 0.929968 9.634647e-01 9.588251e-03
0.911119 0.911119 3.517404e+00 3.506881e-02
0.916709 0.916709 2.966676e+00 2.958867e-02
0.911286 0.911286 4.717454e+00 4.711698e-02
0.906455 0.906455 5.049390e+00 5.038969e-02
0.923254 0.923254 1.765177e+00 1.759105e-02
0.893509 0.893509 6.073698e+00 6.063470e-02
0.930847 0.930847 1.433246e+00 1.432518e-02
0.924079 0.924079 1.227767e+00 1.221041e-02
0.912556 0.912556 3.403033e+00 3.395124e-02
0.960873 0.960873 3.837251e-01 3.770798e-03
0.917364 0.917364 3.798665e+00 3.789698e-02
0.913733 0.913733 2.331788e+00 2.327701e-02
0.938231 0.938231 7.484266e-01 7.436507e-03
0.879319 0.879319 1.558846e+01 1.558472e-01
0.910304 0.910304 4.821742e+00 4.821634e-02
0.923685 0.923685 2.205132e+00 2.196000e-02
0.943059 0.943059 5.689112e-01 5.669872e-03
0.905249 0.905249 7.400986e+00 7.385943e-02
0.928527 0.928527 7.362285e-01 7.353068e-03
0.937220 0.937220 6.820939e-01 6.802007e-03
0.945615 0.945615 4.498079e-01 4.484741e-03
0.941201 0.941201 7.168707e-01 7.152618e-03
0.929063 0.929063 1.830821e+00 1.828906e-02
0.953704 0.953704 2.417035e-01 2.408977e-03
0.926163 0.926163 1.239084e+00 1.236636e-02
0.921885 0.921885 1.727629e+00 1.721618e-02
0.882244 0.882244 1.269552e+01 1.266427e-01
0.929550 0.929550 1.440627e+00 1.432584e-02
0.912133 0.912133 4.840532e+00 4.835535e-02
0.933384 0.933384 1.474239e+00 1.474006e-02
0.927804 0.927804 1.347589e+00 1.346331e-02
0.938036 0.938036 6.839178e-01 6.830030e-03
0.929833 0.929833 6.599367e-01 6.540650e-03
0.928707 0.928707 1.315736e+00 1.308399e-02
0.936168 0.936168 8.367557e-01 8.312173e-03
0.918027 0.918027 3.160909e+00 3.155169e-02
0.928802 0.928802 1.679489e+00 1.677639e-02
0.940173 0.940173 7.517084e-01 7.473658e-03
0.906923 0.906923 1.467659e+00 1.460092e-02
0.932805 0.932805 8.916133e-01 8.908810e-03
0.909517 0.909517 4.782411e+00 4.776649e-02
0.931081 0.931081 1.248221e+00 1.240413e-02
0.900208 0.900208 3.829928e+00 3.827452e-02
0.937203 0.937203 8.678011e-01 8.657272e-03
0.920716 0.920716 2.482985e+00 2.480630e-02
0.918686 0.918686 3.553606e+00 3.539361e-02
0.899474 0.899474 4.798659e+00 4.785112e-02
0.920133 0.920133 1.499738e+00 1.492425e-02
0.915712 0.915712 3.479309e+00 3.475219e-02
0.936309 0.936309 7.838326e-01 7.833692e-03
0.916801 0.916801 3.556443e+00 3.548323e-02
0.913930 0.913930 4.719270e+00 4.717462e-02
0.918222 0.918222 2.807116e+00 2.803455e-02
0.929635 0.929635 7.959212e-01 7.897156e-03
0.947112 0.947112 4.016689e-01 3.978520e-03
0.918450 0.918450 3.193122e+00 3.191859e-02
0.927533 0.927533 2.176248e+00 2.171060e-02
0.922453 0.922453 1.757103e+00 1.756887e-02
0.924572 0.924572 2.292859e+00 2.288996e-02
0.904219 0.904219 8.990546e+00 8.978789e-02
0.936920 0.936920 6.287131e-01 6.216244e-03
0.923346 0.923346 3.070688e+00 3.064197e-02
0.901851 0.901851 7.336525e+00 7.326492e-02
0.931805 0.931805 1.315580e+00 1.308447e-02
0.920495 0.920495 1.732050e+00 1.728010e-02
0.925421 0.925421 1.547862e+00 1.545587e-02
0.924577 0.924577 1.301306e+00 1.297301e-02
0.915197 0.915197 2.652803e+00 2.649801e-02
0.913556 0.913556 5.127950e+00 5.124996e-02
0.925578 0.925578 2.541671e+00 2.530894e-02
0.918603 0.918603 3.584617e+00 3.570400e-02
0.953218 0.953218 2.571367e-01 2.530635e-03
0.932109 0.932109 1.512794e+00 1.506026e-02
0.920496 0.920496 2.302211e+00 2.300241e-02
0.919273 0.919273 2.804215e+00 2.794579e-02
0.906454 0.906454 5.938793e+00 5.928402e-02
0.908898 0.908898 4.440165e+00 4.438263e-02
0.913055 0.913055 4.922901e+00 4.916832e-02
0.904618 0.904618 5.413071e+00 5.396642e-02
0.915156 0.915156 4.090648e+00 4.081338e-02
0.915882 0.915882 2.055088e+00 2.049985e-02
0.933642 0.933642 9.929414e-01 9.928558e-03
0.912805 0.912805 2.813100e+00 2.810968e-02
0.944819 0.944819 5.996068e-01 5.967695e-03
0.936827 0.936827 5.930395e-01 5.882585e-03
0.929248 0.929248 1.737234e+00 1.730232e-02
0.916346 0.916346 2.435286e+00 2.430490e-02
0.927987 0.927987 2.014282e+00 2.005675e-02
0.902868 0.902868 6.026588e+00 6.007405e-02
0.933253 0.933253 6.805118e-01 6.766496e-03
0.903625 0.903625 4.244147e+00 4.231750e-02
0.916402 0.916402 2.908411e+00 2.898142e-02
0.911990 0.911990 4.528223e+00 4.521078e-02
0.941085 0.941085 7.451316e-01 7.441716e-03
0.904808 0.904808 6.673911e+00 6.666513e-02
0.891727 0.891727 1.047254e+01 1.045651e-01
0.903679 0.903679 4.620939e+00 4.615761e-02
0.926308 0.926308 1.641238e+00 1.639613e-02
0.960899 0.960899 2.374709e-01 2.324243e-03
0.926141 0.926141 2.038688e+00 2.033986e-02
0.915480 0.915480 3.900221e+00 3.886845e-02
0.925085 0.925085 9.081637e-01 9.013075e-03
0.937945 0.937945 9.865197e-01 9.820240e-03
0.923132 0.923132 1.677957e+00 1.666409e-02
0.896425 0.896425 1.333765e+01 1.332145e-01
0.911163 0.911163 4.370258e+00 4.356296e-02
0.911199 0.911199 6.488420e+00 6.482393e-02
0.916426 0.916426 3.073395e+00 3.066728e-02
0.905772 0.905772 5.031160e+00 5.018329e-02
0.905721 0.905721 3.744558e+00 3.744342e-02
0.938380 0.938380 7.967004e-01 7.926069e-03
0.920228 0.920228 3.188622e+00 3.181870e-02
0.967927 0.967927 2.646312e-01 2.631174e-03
0.931607 0.931607 7.737812e-01 7.724634e-03
0.952685 0.952685 3.536296e-01 3.506120e-03
0.961488 0.961488 2.769955e-01 2.725146e-03
0.939095 0.939095 9.048175e-01 9.013688e-03
0.912708 0.912708 3.594710e+00 3.586540e-02
0.919055 0.919055 1.433737e+00 1.428958e-02
0.936610 0.936610 1.092682e+00 1.084085e-02
0.931264 0.931264 9.867554e-01 9.837870e-03
0.939315 0.939315 7.656822e-01 7.596537e-03
0.940386 0.940386 1.127616e+00 1.125136e-02
0.918558 0.918558 1.979150e+00 1.976022e-02
0.942639 0.942639 5.313059e-01 5.306743e-03
0.910803 0.910803 5.162793e+00 5.161883e-02
0.930429 0.930429 1.910159e+00 1.908096e-02
0.931672 0.931672 1.126955e+00 1.117239e-02
0.948904 0.948904 4.353546e-01 4.316874e-03
0.957566 0.957566 3.652724e-01 3.639624e-03
0.908124 0.908124 4.714426e+00 4.713678e-02
0.926089 0.926089 1.669865e+00 1.663657e-02
0.922135 0.922135 3.098613e+00 3.094414e-02
0.934838 0.934838 8.327462e-01 8.312532e-03
0.937246 0.937246 7.605916e-01 7.592361e-03
0.910236 0.910236 2.901477e+00 2.898926e-02
0.908680 0.908680 5.692921e+00 5.678703e-02
0.968933 0.968933 2.593177e-01 2.568326e-03
0.948557 0.948557 3.404715e-01 3.376773e-03
0.904656 0.904656 7.077186e+00 7.073670e-02
0.941705 0.941705 5.741633e-01 5.719337e-03
0.973843 0.973843 2.119920e-01 2.081337e-03
0.907999 0.907999 4.941757e+00 4.923323e-02
0.928870 0.928870 1.364963e+00 1.361625e-02
0.904037 0.904037 7.881397e+00 7.872806e-02
0.930872 0.930872 1.793707e+00 1.793495e-02
0.903585 0.903585 2.323816e+00 2.317667e-02
0.909495 0.909495 5.010644e+00 4.998348e-02
0.957312 0.957312 3.093494e-01 3.085815e-03
0.952380 0.952380 5.805908e-01 5.737631e-03
0.922669 0.922669 3.771299e+00 3.766310e-02
0.895582 0.895582 1.056716e+01 1.055513e-01
0.900356 0.900356 4.650446e+00 4.642207e-02
0.951498 0.951498 4.382858e-01 4.364616e-03
0.910036 0.910036 5.722751e+00 5.720540e-02
0.913659 0.913659 2.493156e+00 2.488440e-02
0.914774 0.914774 3.413037e+00 3.403965e-02
0.914651 0.914651 3.055256e+00 3.051284e-02
0.968343 0.968343 2.840593e-01 2.822631e-03
0.940291 0.940291 4.794068e-01 4.759993e-03
0.930289 0.930289 1.517364e+00 1.514433e-02
0.890589 0.890589 1.224874e+01 1.223840e-01
0.931603 0.931603 8.956499e-01 8.930353e-03
0.925992 0.925992 1.555411e+00 1.551354e-02
0.931890 0.931890 1.170940e+00 1.167161e-02
0.897840 0.897840 9.685916e+00 9.682844e-02
0.923322 0.923322 2.228532e+00 2.222527e-02
0.893340 0.893340 1.046673e+01 1.045173e-01
0.926776 0.926776 3.375114e+00 3.369449e-02
0.925074 0.925074 1.544794e+00 1.541657e-02
0.933196 0.933196 9.363231e-01 9.322794e-03
0.920495 0.920495 2.929855e+00 2.925020e-02
0.914022 0.914022 3.469300e+00 3.466952e-02
0.939555 0.939555 6.121355e-01 6.111635e-03
0.938374 0.938374 6.269799e-01 6.269352e-03
0.896609 0.896609 1.152810e+01 1.152473e-01
0.922631 0.922631 2.054568e+00 2.046984e-02
0.911810 0.911810 2.813215e+00 2.809803e-02
0.917421 0.917421 5.209879e+00 5.200317e-02
0.924185 0.924185 1.994354e+00 1.989639e-02
0.942464 0.942464 7.098110e-01 7.087930e-03
0.921590 0.921590 2.916991e+00 2.912541e-02
0.942067 0.942067 6.842700e-01 6.832932e-03
0.933552 0.933552 9.224617e-01 9.177601e-03
0.909737 0.909737 5.415744e+00 5.414998e-02
0.957556 0.957556 3.606352e-01 3.524281e-03
0.893258 0.893258 1.224717e+01 1.223816e-01
0.917246 0.917246 3.135659e+00 3.121578e-02
0.968425 0.968425 2.307795e-01 2.286221e-03
0.946043 0.946043 7.165518e-01 7.162985e-03
0.944000 0.944000 6.218343e-01 6.211974e-03
0.949452 0.949452 3.752397e-01 3.709290e-03
0.925617 0.925617 1.976345e+00 1.967416e-02
0.931132 0.931132 1.075289e+00 1.069140e-02
0.902975 0.902975 2.934747e+00 2.929062e-02
0.916683 0.916683 3.264461e+00 3.262759e-02
0.925450 0.925450 2.500480e+00 2.488497e-02
0.917772 0.917772 1.564480e+00 1.556409e-02
0.922329 0.922329 1.614052e+00 1.609411e-02
0.946460 0.946460 5.170615e-01 5.145783e-03
0.873117 0.873117 2.174217e+01 2.170553e-01
0.932723 0.932723 6.669607e-01 6.624757e-03
0.935593 0.935593 5.824491e-01 5.789071e-03
0.912933 0.912933 5.488934e+00 5.479501e-02
0.928125 0.928125 2.834687e+00 2.826929e-02
0.901132 0.901132 4.068068e+00 4.060834e-02
0.941338 0.941338 7.124107e-01 7.112275e-03
0.944918 0.944918 4.012684e-01 4.009013e-03
0.919620 0.919620 3.850393e+00 3.844950e-02
0.917605 0.917605 3.744088e+00 3.732244e-02
0.935452 0.935452 7.348764e-01 7.331343e-03
0.882062 0.882062 1.031054e+01 1.030242e-01
0.918460 0.918460 3.990477e+00 3.982530e-02
0.930664 0.930664 7.589885e-01 7.568622e-03
0.922749 0.922749 1.905156e+00 1.902109e-02
0.929597 0.929597 1.516697e+00 1.514019e-02
0.923428 0.923428 2.035820e+00 2.035558e-02
0.921039 0.921039 1.969343e+00 1.965782e-02
0.901296 0.901296 8.084001e+00 8.081918e-02
0.927725 0.927725 1.953897e+00 1.943640e-02
0.925367 0.925367 1.743023e+00 1.737566e-02
0.935505 0.935505 7.037177e-01 6.993711e-03
0.943522 0.943522 8.971034e-01 8.922626e-03
0.935496 0.935496 1.283864e+00 1.274568e-02
0.906339 0.906339 4.561456e+00 4.559753e-02
0.925959 0.925959 1.345136e+00 1.341343e-02
0.877735 0.877735 1.368331e+01 1.366384e-01
