0.989672 0.989672 3.230028e-01 3.150585e-03
0.989452 0.989452 3.243967e-01 3.156552e-03
0.989207 0.989207 3.241912e-01 3.241871e-03
0.988977 0.988977 3.255201e-01 3.252473e-03
0.988465 0.988465 3.327131e-01 3.273963e-03
0.988349 0.988349 3.279543e-01 3.261508e-03
0.987745 0.987745 3.319855e-01 3.269442e-03
0.988043 0.988043 3.311712e-01 3.275912e-03
0.987235 0.987235 3.377661e-01 3.310564e-03
0.987118 0.987118 3.378487e-01 3.302353e-03
0.987385 0.987385 3.352383e-01 3.279711e-03
0.986912 0.986912 3.332522e-01 3.303976e-03
0.986438 0.986438 3.373019e-01 3.304696e-03
0.986711 0.986711 3.342906e-01 3.310601e-03
0.986644 0.986644 3.321160e-01 3.251885e-03
0.985079 0.985079 3.576960e-01 3.492077e-03
0.985259 0.985259 3.550769e-01 3.475237e-03
0.985095 0.985095 3.442269e-01 3.354442e-03
0.983761 0.983761 3.525141e-01 3.450178e-03
0.984546 0.984546 3.381213e-01 3.324143e-03
0.984595 0.984595 3.460433e-01 3.436315e-03
0.983369 0.983369 3.524872e-01 3.410578e-03
0.982665 0.982665 3.658511e-01 3.532062e-03
0.982631 0.982631 3.616255e-01 3.508220e-03
0.982178 0.982178 3.567908e-01 3.517834e-03
0.981314 0.981314 3.610732e-01 3.577776e-03
0.983467 0.983467 3.356210e-01 3.289929e-03
0.981445 0.981445 3.610417e-01 3.511278e-03
0.980716 0.980716 3.594023e-01 3.474419e-03
0.980848 0.980848 3.682246e-01 3.656029e-03
0.979713 0.979713 3.823034e-01 3.774697e-03
0.980285 0.980285 3.919322e-01 3.817518e-03
0.978857 0.978857 3.635878e-01 3.504037e-03
0.978951 0.978951 4.136595e-01 4.053426e-03
0.978613 0.978613 3.947307e-01 3.873204e-03
0.985773 0.985773 3.248833e-01 3.245148e-03
0.981767 0.981767 3.418162e-01 3.359837e-03
0.978203 0.978203 3.811801e-01 3.671748e-03
0.979810 0.979810 3.550117e-01 3.449919e-03
0.977050 0.977050 3.905884e-01 3.848373e-03
0.979680 0.979680 3.721609e-01 3.664801e-03
0.979481 0.979481 3.683960e-01 3.646280e-03
0.977071 0.977071 3.893173e-01 3.863839e-03
0.976218 0.976218 4.434260e-01 4.305741e-03
0.978182 0.978182 3.870931e-01 3.820635e-03
0.976775 0.976775 3.788357e-01 3.745582e-03
0.975952 0.975952 4.292003e-01 4.291555e-03
0.981438 0.981438 3.427334e-01 3.401273e-03
0.974658 0.974658 4.122657e-01 4.038071e-03
0.975105 0.975105 4.421008e-01 4.284640e-03
0.974047 0.974047 4.313000e-01 4.243858e-03
0.974536 0.974536 4.105124e-01 3.985861e-03
0.971907 0.971907 3.914550e-01 3.912218e-03
0.978225 0.978225 3.569768e-01 3.531947e-03
0.973527 0.973527 4.581252e-01 4.459815e-03
0.973209 0.973209 4.593408e-01 4.571647e-03
0.970121 0.970121 4.754493e-01 4.605218e-03
0.970693 0.970693 4.120231e-01 4.037621e-03
0.973376 0.973376 4.123659e-01 4.060167e-03
0.977442 0.977442 3.515833e-01 3.489385e-03
0.970234 0.970234 4.245667e-01 4.201617e-03
0.972005 0.972005 4.294667e-01 4.217449e-03
0.981715 0.981715 3.308093e-01 3.283697e-03
0.969370 0.969370 4.728895e-01 4.546846e-03
0.973898 0.973898 3.770422e-01 3.638259e-03
0.968964 0.968964 4.072982e-01 4.029742e-03
0.968701 0.968701 5.184562e-01 5.150566e-03
0.973106 0.973106 4.186777e-01 4.146278e-03
0.976064 0.976064 3.541859e-01 3.518417e-03
0.969249 0.969249 4.940225e-01 4.862736e-03
0.970039 0.970039 5.203860e-01 4.991836e-03
0.971152 0.971152 4.751851e-01 4.629479e-03
0.964221 0.964221 5.060035e-01 4.996011e-03
0.967456 0.967456 4.829796e-01 4.785439e-03
0.967967 0.967967 4.397256e-01 4.254077e-03
0.968668 0.968668 5.005171e-01 4.971857e-03
0.968566 0.968566 4.204467e-01 4.127667e-03
0.964757 0.964757 4.749823e-01 4.651435e-03
0.966639 0.966639 5.097688e-01 5.073188e-03
0.965623 0.965623 4.937852e-01 4.914058e-03
0.969700 0.969700 4.751901e-01 4.549848e-03
0.967107 0.967107 4.192638e-01 4.017998e-03
0.971129 0.971129 3.812657e-01 3.745181e-03
0.972704 0.972704 3.617664e-01 3.603678e-03
0.964903 0.964903 4.824820e-01 4.743401e-03
0.964207 0.964207 5.789852e-01 5.773629e-03
0.964733 0.964733 6.078704e-01 5.971857e-03
0.960571 0.960571 6.065505e-01 5.973689e-03
0.965823 0.965823 4.086538e-01 4.080276e-03
0.964436 0.964436 4.307868e-01 4.307763e-03
0.962051 0.962051 5.279377e-01 5.190518e-03
0.964504 0.964504 4.962238e-01 4.766423e-03
0.964850 0.964850 5.731383e-01 5.520245e-03
0.961278 0.961278 6.245849e-01 6.083634e-03
0.968793 0.968793 3.890227e-01 3.779730e-03
0.958468 0.958468 5.189984e-01 5.104460e-03
0.963721 0.963721 5.365514e-01 5.267191e-03
0.960174 0.960174 5.064731e-01 5.019874e-03
0.958545 0.958545 5.697826e-01 5.599322e-03
0.958902 0.958902 5.944598e-01 5.808881e-03
0.957703 0.957703 5.116922e-01 4.962912e-03
0.959875 0.959875 5.244806e-01 5.099090e-03
0.960052 0.960052 4.871570e-01 4.806051e-03
0.959143 0.959143 4.961803e-01 4.746676e-03
0.953169 0.953169 5.203495e-01 5.124821e-03
0.955965 0.955965 6.427380e-01 6.252568e-03
0.957083 0.957083 4.645588e-01 4.527368e-03
0.956511 0.956511 7.091459e-01 7.077220e-03
0.957808 0.957808 6.123244e-01 6.011228e-03
0.957218 0.957218 5.008598e-01 4.956745e-03
0.958499 0.958499 5.148289e-01 5.144228e-03
0.961859 0.961859 4.729594e-01 4.658601e-03
0.960884 0.960884 4.568514e-01 4.422371e-03
0.953363 0.953363 5.696465e-01 5.608937e-03
0.955064 0.955064 5.274344e-01 5.244225e-03
0.970680 0.970680 3.460226e-01 3.422223e-03
0.956728 0.956728 5.423400e-01 5.371271e-03
0.952107 0.952107 6.399324e-01 6.114443e-03
0.953015 0.953015 6.392807e-01 6.270652e-03
0.951984 0.951984 6.700466e-01 6.469550e-03
0.955987 0.955987 4.528230e-01 4.494445e-03
0.955968 0.955968 6.158718e-01 6.080165e-03
0.958199 0.958199 4.283355e-01 4.156905e-03
0.958378 0.958378 4.716706e-01 4.624018e-03
0.955331 0.955331 4.791012e-01 4.676631e-03
0.954632 0.954632 5.171564e-01 5.030877e-03
0.946652 0.946652 7.023175e-01 6.996098e-03
0.946955 0.946955 6.506105e-01 6.398445e-03
0.955781 0.955781 6.787669e-01 6.636500e-03
0.957280 0.957280 4.204227e-01 4.052513e-03
0.958871 0.958871 4.574435e-01 4.499235e-03
0.954817 0.954817 4.444484e-01 4.412180e-03
0.948624 0.948624 5.941715e-01 5.906561e-03
0.956825 0.956825 4.903251e-01 4.895292e-03
0.947731 0.947731 9.201179e-01 9.014931e-03
0.947918 0.947918 5.984490e-01 5.974807e-03
0.967223 0.967223 3.730017e-01 3.723643e-03
0.947587 0.947587 5.942558e-01 5.852849e-03
0.946493 0.946493 5.671372e-01 5.605100e-03
0.944886 0.944886 6.764881e-01 6.669562e-03
0.954462 0.954462 4.862014e-01 4.760070e-03
0.944333 0.944333 7.009210e-01 6.904922e-03
0.956687 0.956687 4.251055e-01 4.245175e-03
0.944238 0.944238 7.605819e-01 7.605758e-03
0.943072 0.943072 6.292641e-01 6.273833e-03
0.945353 0.945353 6.808850e-01 6.735668e-03
0.957792 0.957792 4.448637e-01 4.421248e-03
0.937950 0.937950 8.807188e-01 8.644420e-03
0.947020 0.947020 5.631225e-01 5.536667e-03
0.950879 0.950879 4.932351e-01 4.773841e-03
0.941708 0.941708 5.928982e-01 5.894588e-03
0.951500 0.951500 5.207617e-01 5.088805e-03
0.947986 0.947986 5.877284e-01 5.867530e-03
0.973584 0.973584 3.337703e-01 3.252537e-03
0.943180 0.943180 5.994622e-01 5.842005e-03
0.944851 0.944851 6.146701e-01 6.080787e-03
0.947842 0.947842 6.279835e-01 6.153783e-03
0.940789 0.940789 7.417428e-01 7.252970e-03
0.955058 0.955058 4.796295e-01 4.653637e-03
0.941594 0.941594 9.127758e-01 9.052352e-03
0.939584 0.939584 9.513737e-01 9.466283e-03
0.937966 0.937966 8.494313e-01 8.291391e-03
0.937836 0.937836 8.923980e-01 8.866988e-03
0.944046 0.944046 5.488837e-01 5.395920e-03
0.934453 0.934453 1.116582e+00 1.112283e-02
0.945661 0.945661 5.415091e-01 5.324844e-03
0.945632 0.945632 5.371863e-01 5.362322e-03
0.941216 0.941216 8.693680e-01 8.668408e-03
0.937694 0.937694 6.583564e-01 6.442117e-03
0.952002 0.952002 4.389284e-01 4.265496e-03
0.930831 0.930831 9.135015e-01 9.113150e-03
0.935910 0.935910 8.886131e-01 8.831815e-03
0.937611 0.937611 9.293924e-01 9.175122e-03
0.937768 0.937768 8.135931e-01 8.046679e-03
0.942227 0.942227 6.707789e-01 6.630810e-03
0.934211 0.934211 6.357939e-01 6.350404e-03
0.930809 0.930809 8.135547e-01 7.950883e-03
0.929982 0.929982 6.217435e-01 6.188806e-03
0.943126 0.943126 7.313694e-01 7.260885e-03
0.942846 0.942846 4.536279e-01 4.479870e-03
0.932458 0.932458 6.910840e-01 6.756750e-03
0.931791 0.931791 1.031883e+00 1.015872e-02
0.937156 0.937156 9.415842e-01 9.378419e-03
0.943696 0.943696 5.421477e-01 5.334040e-03
0.922219 0.922219 1.161565e+00 1.154750e-02
0.931280 0.931280 7.054157e-01 6.902887e-03
0.937037 0.937037 8.723256e-01 8.642523e-03
0.927822 0.927822 7.474700e-01 7.362744e-03
0.937349 0.937349 8.998145e-01 8.972399e-03
0.947806 0.947806 4.350779e-01 4.284111e-03
0.926211 0.926211 5.499606e-01 5.392134e-03
0.945139 0.945139 5.288479e-01 5.231177e-03
0.934900 0.934900 5.228615e-01 5.132777e-03
0.934023 0.934023 7.046855e-01 6.932240e-03
0.946698 0.946698 4.267628e-01 4.236337e-03
0.934705 0.934705 6.595170e-01 6.496758e-03
0.925406 0.925406 1.246960e+00 1.232066e-02
0.929254 0.929254 1.370121e+00 1.367945e-02
0.934887 0.934887 6.311414e-01 6.298983e-03
0.919399 0.919399 1.360296e+00 1.359661e-02
0.920186 0.920186 1.542582e+00 1.542290e-02
0.934167 0.934167 6.626645e-01 6.614790e-03
0.932316 0.932316 6.050958e-01 5.871955e-03
0.937630 0.937630 6.188429e-01 6.188035e-03
0.913658 0.913658 1.440423e+00 1.438617e-02
0.930628 0.930628 9.434563e-01 9.338527e-03
0.924687 0.924687 1.119377e+00 1.107053e-02
0.929699 0.929699 8.023822e-01 7.913972e-03
0.933370 0.933370 9.306505e-01 9.277814e-03
0.927022 0.927022 8.021579e-01 7.971948e-03
0.928153 0.928153 6.869908e-01 6.745000e-03
0.931203 0.931203 5.925329e-01 5.881501e-03
0.928046 0.928046 7.476691e-01 7.474129e-03
0.926971 0.926971 6.252070e-01 6.225935e-03
0.921130 0.921130 1.186475e+00 1.182338e-02
0.935553 0.935553 5.604341e-01 5.516610e-03
0.927578 0.927578 5.883011e-01 5.833426e-03
0.919978 0.919978 7.903324e-01 7.877352e-03
0.925420 0.925420 9.740223e-01 9.694661e-03
0.926422 0.926422 8.689074e-01 8.636607e-03
0.925569 0.925569 9.014552e-01 8.987161e-03
0.948216 0.948216 4.443810e-01 4.397370e-03
0.925325 0.925325 8.689302e-01 8.637681e-03
0.925049 0.925049 8.511732e-01 8.500085e-03
0.926666 0.926666 8.261522e-01 8.251099e-03
0.909462 0.909462 9.307804e-01 9.266681e-03
0.917687 0.917687 1.181260e+00 1.166828e-02
0.924422 0.924422 9.341329e-01 9.317869e-03
0.906370 0.906370 2.044611e+00 2.044173e-02
0.921498 0.921498 7.802073e-01 7.788896e-03
0.920090 0.920090 1.585002e+00 1.583034e-02
0.920713 0.920713 6.597863e-01 6.573256e-03
0.915493 0.915493 1.487347e+00 1.472048e-02
0.906480 0.906480 1.317100e+00 1.297945e-02
0.920640 0.920640 1.474955e+00 1.473307e-02
0.940369 0.940369 5.014162e-01 4.970115e-03
0.937810 0.937810 4.208791e-01 4.157807e-03
0.916550 0.916550 1.056641e+00 1.046974e-02
0.915783 0.915783 1.267877e+00 1.261589e-02
0.912190 0.912190 1.688212e+00 1.682874e-02
0.904994 0.904994 1.221635e+00 1.204630e-02
0.918493 0.918493 9.563209e-01 9.531812e-03
0.904781 0.904781 1.277318e+00 1.269258e-02
0.917513 0.917513 1.256188e+00 1.250278e-02
0.903964 0.903964 1.393039e+00 1.385232e-02
0.918926 0.918926 9.593582e-01 9.543152e-03
0.913140 0.913140 1.043922e+00 1.041815e-02
0.912494 0.912494 1.894440e+00 1.885505e-02
0.931803 0.931803 4.791948e-01 4.730857e-03
0.912931 0.912931 1.646741e+00 1.642520e-02
0.912119 0.912119 8.494538e-01 8.479220e-03
0.911608 0.911608 9.093526e-01 9.078262e-03
0.917795 0.917795 7.095326e-01 7.053658e-03
0.911386 0.911386 1.445376e+00 1.441123e-02
0.917280 0.917280 7.181369e-01 7.055740e-03
0.895755 0.895755 2.150035e+00 2.143698e-02
0.912677 0.912677 1.291562e+00 1.286641e-02
0.926358 0.926358 7.115208e-01 7.044111e-03
0.901835 0.901835 2.330540e+00 2.315271e-02
0.917625 0.917625 1.182362e+00 1.168203e-02
0.907824 0.907824 9.129343e-01 9.118089e-03
0.917855 0.917855 8.448678e-01 8.333141e-03
0.922510 0.922510 5.949683e-01 5.946299e-03
0.900005 0.900005 1.408402e+00 1.399300e-02
0.900265 0.900265 1.072715e+00 1.066545e-02
0.871483 0.871483 2.626805e+00 2.626228e-02
0.906310 0.906310 9.389239e-01 9.356693e-03
0.896096 0.896096 1.999715e+00 1.985847e-02
0.910111 0.910111 1.185410e+00 1.184171e-02
0.916818 0.916818 7.122585e-01 6.979338e-03
0.921087 0.921087 6.593509e-01 6.530234e-03
0.921235 0.921235 6.359489e-01 6.323349e-03
0.940668 0.940668 4.432302e-01 4.410687e-03
0.896794 0.896794 1.845184e+00 1.833215e-02
0.914657 0.914657 8.006759e-01 7.917941e-03
0.917783 0.917783 5.990831e-01 5.981112e-03
0.907564 0.907564 8.803945e-01 8.701745e-03
0.892573 0.892573 1.207518e+00 1.203707e-02
0.892878 0.892878 2.285858e+00 2.285691e-02
0.931381 0.931381 4.688314e-01 4.651815e-03
0.893856 0.893856 1.091762e+00 1.086657e-02
0.929237 0.929237 5.452043e-01 5.448196e-03
0.908584 0.908584 9.229650e-01 9.187458e-03
0.884608 0.884608 1.693848e+00 1.687271e-02
0.898264 0.898264 1.199888e+00 1.197633e-02
0.919576 0.919576 7.017952e-01 6.870640e-03
0.912544 0.912544 9.733611e-01 9.636751e-03
0.893841 0.893841 1.812007e+00 1.808658e-02
0.857399 0.857399 2.825817e+00 2.825385e-02
0.888494 0.888494 1.183316e+00 1.177444e-02
0.885522 0.885522 1.998556e+00 1.989588e-02
0.897580 0.897580 1.603598e+00 1.597745e-02
0.878391 0.878391 2.692421e+00 2.684781e-02
0.898676 0.898676 9.193302e-01 9.192523e-03
0.889361 0.889361 1.134023e+00 1.129038e-02
0.867723 0.867723 2.793405e+00 2.781138e-02
0.933173 0.933173 4.749599e-01 4.632213e-03
0.888952 0.888952 1.428671e+00 1.426951e-02
0.888493 0.888493 8.602371e-01 8.585312e-03
0.903898 0.903898 9.105143e-01 9.074999e-03
0.901547 0.901547 1.092036e+00 1.089445e-02
0.882909 0.882909 2.154291e+00 2.149577e-02
0.900482 0.900482 1.152291e+00 1.148926e-02
0.921133 0.921133 5.002768e-01 4.930431e-03
0.885420 0.885420 2.656405e+00 2.655945e-02
0.889453 0.889453 1.070625e+00 1.068917e-02
0.878455 0.878455 1.449402e+00 1.438784e-02
0.882693 0.882693 1.173313e+00 1.173090e-02
0.894774 0.894774 1.142531e+00 1.133099e-02
0.864631 0.864631 2.067889e+00 2.062603e-02
0.890746 0.890746 1.467719e+00 1.457462e-02
0.912047 0.912047 6.966706e-01 6.895757e-03
0.878143 0.878143 2.421052e+00 2.407934e-02
0.905067 0.905067 9.668512e-01 9.651356e-03
0.879820 0.879820 1.836910e+00 1.832269e-02
0.894321 0.894321 1.219960e+00 1.211505e-02
0.855890 0.855890 3.331731e+00 3.329473e-02
0.903315 0.903315 9.990142e-01 9.963947e-03
0.936146 0.936146 4.297126e-01 4.265490e-03
0.893532 0.893532 1.395512e+00 1.392622e-02
0.900085 0.900085 1.661262e+00 1.657171e-02
0.869899 0.869899 1.880634e+00 1.875976e-02
0.866676 0.866676 2.941225e+00 2.928423e-02
0.901739 0.901739 1.134077e+00 1.134021e-02
0.890684 0.890684 2.451867e+00 2.448643e-02
0.872946 0.872946 2.012594e+00 2.005805e-02
0.901971 0.901971 1.016672e+00 1.011895e-02
0.877365 0.877365 2.372171e+00 2.368959e-02
0.924957 0.924957 5.020060e-01 4.976038e-03
0.883182 0.883182 1.612698e+00 1.609117e-02
0.905799 0.905799 7.433577e-01 7.421043e-03
0.884656 0.884656 1.502323e+00 1.498688e-02
0.891769 0.891769 1.062253e+00 1.053662e-02
0.880090 0.880090 1.146386e+00 1.145257e-02
0.916812 0.916812 4.814347e-01 4.738669e-03
0.868621 0.868621 2.874305e+00 2.873406e-02
0.877068 0.877068 2.600151e+00 2.596926e-02
0.878318 0.878318 1.588839e+00 1.587635e-02
0.889994 0.889994 1.195505e+00 1.194684e-02
0.875659 0.875659 1.508452e+00 1.505232e-02
0.853167 0.853167 3.795316e+00 3.791017e-02
0.867470 0.867470 1.477130e+00 1.473925e-02
0.912840 0.912840 5.145864e-01 5.142777e-03
0.850504 0.850504 4.010618e+00 4.002966e-02
0.889523 0.889523 1.348746e+00 1.344265e-02
0.899270 0.899270 9.584604e-01 9.564975e-03
0.873547 0.873547 1.590097e+00 1.584072e-02
0.874506 0.874506 2.153469e+00 2.147193e-02
0.859236 0.859236 2.070761e+00 2.067110e-02
0.864899 0.864899 2.845542e+00 2.834300e-02
0.887751 0.887751 1.374097e+00 1.372911e-02
0.850661 0.850661 3.622019e+00 3.613332e-02
0.841944 0.841944 3.837123e+00 3.836837e-02
0.880784 0.880784 1.421522e+00 1.415383e-02
0.899165 0.899165 8.748878e-01 8.704533e-03
0.889146 0.889146 9.306951e-01 9.239436e-03
0.889221 0.889221 1.265905e+00 1.265278e-02
0.890968 0.890968 7.102499e-01 7.052668e-03
0.862279 0.862279 3.421991e+00 3.418954e-02
0.854567 0.854567 2.961629e+00 2.953794e-02
0.908172 0.908172 5.517616e-01 5.456631e-03
0.880577 0.880577 1.137160e+00 1.136469e-02
0.868379 0.868379 3.237307e+00 3.227386e-02
0.890716 0.890716 1.055486e+00 1.055091e-02
0.863301 0.863301 2.471596e+00 2.463463e-02
0.891277 0.891277 9.685151e-01 9.619945e-03
0.878712 0.878712 1.039745e+00 1.034263e-02
0.878374 0.878374 2.032829e+00 2.024709e-02
0.888570 0.888570 7.763663e-01 7.753693e-03
0.826577 0.826577 3.922443e+00 3.918564e-02
0.836624 0.836624 3.577102e+00 3.575346e-02
0.874537 0.874537 2.422320e+00 2.417379e-02
0.870754 0.870754 1.672706e+00 1.667537e-02
0.914316 0.914316 5.080715e-01 5.056638e-03
0.869163 0.869163 1.923327e+00 1.919489e-02
0.881099 0.881099 9.626313e-01 9.560124e-03
0.893047 0.893047 8.338432e-01 8.307306e-03
0.859112 0.859112 2.391581e+00 2.386599e-02
0.853959 0.853959 2.453898e+00 2.452140e-02
0.837531 0.837531 3.487388e+00 3.482899e-02
0.870037 0.870037 1.378377e+00 1.376632e-02
0.854961 0.854961 1.825368e+00 1.819965e-02
0.868077 0.868077 1.406478e+00 1.404480e-02
0.860707 0.860707 2.533383e+00 2.519859e-02
0.898671 0.898671 6.983667e-01 6.955667e-03
0.869657 0.869657 7.752129e-01 7.742728e-03
0.853327 0.853327 2.128230e+00 2.126648e-02
0.808239 0.808239 6.149552e+00 6.139549e-02
0.792290 0.792290 7.128673e+00 7.121259e-02
0.857855 0.857855 1.992170e+00 1.987321e-02
0.863073 0.863073 1.039581e+00 1.038699e-02
0.871058 0.871058 1.785574e+00 1.779331e-02
0.884889 0.884889 1.050219e+00 1.045652e-02
0.844736 0.844736 2.807490e+00 2.802483e-02
0.813870 0.813870 5.162026e+00 5.156526e-02
0.832904 0.832904 2.131254e+00 2.129400e-02
0.819967 0.819967 4.779830e+00 4.775071e-02
0.824131 0.824131 4.242264e+00 4.230720e-02
0.884073 0.884073 1.072768e+00 1.065441e-02
0.868583 0.868583 1.818316e+00 1.817797e-02
0.879896 0.879896 1.195163e+00 1.187947e-02
0.863293 0.863293 2.096222e+00 2.090302e-02
0.859180 0.859180 2.034595e+00 2.034458e-02
0.801839 0.801839 7.672014e+00 7.666631e-02
0.846924 0.846924 2.615458e+00 2.614870e-02
0.884314 0.884314 1.212495e+00 1.205326e-02
0.878302 0.878302 1.718810e+00 1.714836e-02
0.916096 0.916096 4.297651e-01 4.294941e-03
0.776224 0.776224 9.078005e+00 9.077470e-02
0.795403 0.795403 6.979226e+00 6.978148e-02
0.850890 0.850890 1.477176e+00 1.469886e-02
0.855879 0.855879 2.731740e+00 2.725394e-02
0.843586 0.843586 3.073752e+00 3.071470e-02
0.869220 0.869220 1.398214e+00 1.393734e-02
0.849119 0.849119 2.314621e+00 2.306102e-02
0.859240 0.859240 2.517192e+00 2.515242e-02
0.811450 0.811450 5.145472e+00 5.140727e-02
0.894439 0.894439 7.319880e-01 7.298652e-03
0.854199 0.854199 2.378320e+00 2.374046e-02
0.846196 0.846196 2.019987e+00 2.017242e-02
0.857925 0.857925 1.553888e+00 1.551138e-02
0.853562 0.853562 2.526265e+00 2.525901e-02
0.813170 0.813170 2.784308e+00 2.779808e-02
0.863212 0.863212 1.437920e+00 1.434300e-02
0.885368 0.885368 9.569700e-01 9.533441e-03
0.867694 0.867694 1.248380e+00 1.246658e-02
0.851683 0.851683 2.770207e+00 2.766109e-02
0.848487 0.848487 1.977250e+00 1.973900e-02
0.880685 0.880685 1.097298e+00 1.096590e-02
0.893566 0.893566 7.573683e-01 7.504365e-03
0.926126 0.926126 4.093816e-01 4.051129e-03
0.843852 0.843852 2.583841e+00 2.577057e-02
0.768011 0.768011 8.643641e+00 8.635153e-02
0.787890 0.787890 7.715986e+00 7.712309e-02
0.835018 0.835018 4.125802e+00 4.121887e-02
0.849574 0.849574 1.705006e+00 1.704621e-02
0.888422 0.888422 7.737144e-01 7.702335e-03
0.856716 0.856716 1.645772e+00 1.643739e-02
0.832078 0.832078 2.462646e+00 2.454007e-02
0.858767 0.858767 2.228193e+00 2.226832e-02
0.897948 0.897948 5.643771e-01 5.613692e-03
0.866227 0.866227 1.732598e+00 1.731158e-02
0.812846 0.812846 3.274363e+00 3.272454e-02
0.852400 0.852400 2.366757e+00 2.363800e-02
0.783558 0.783558 7.858277e+00 7.857916e-02
0.855771 0.855771 1.087626e+00 1.083354e-02
0.854794 0.854794 1.601287e+00 1.599104e-02
0.869265 0.869265 9.195790e-01 9.135447e-03
0.747359 0.747359 1.359390e+01 1.358833e-01
0.783839 0.783839 9.287487e+00 9.278215e-02
0.828873 0.828873 4.002620e+00 3.997500e-02
0.858504 0.858504 1.425210e+00 1.421869e-02
0.864622 0.864622 1.069814e+00 1.068046e-02
0.867395 0.867395 1.368409e+00 1.368256e-02
0.803487 0.803487 5.785421e+00 5.782468e-02
0.799895 0.799895 8.398073e+00 8.387954e-02
0.860340 0.860340 1.628371e+00 1.624790e-02
0.873103 0.873103 1.242821e+00 1.241511e-02
0.831854 0.831854 3.396871e+00 3.394068e-02
0.829752 0.829752 2.938242e+00 2.935354e-02
0.860958 0.860958 1.691125e+00 1.690842e-02
0.836002 0.836002 1.961430e+00 1.959921e-02
0.871367 0.871367 1.057138e+00 1.056222e-02
0.799709 0.799709 5.186984e+00 5.186317e-02
0.841356 0.841356 2.424418e+00 2.422539e-02
0.849543 0.849543 1.511998e+00 1.511973e-02
0.808208 0.808208 2.896667e+00 2.893633e-02
0.871966 0.871966 1.341121e+00 1.336894e-02
0.853580 0.853580 1.367140e+00 1.363066e-02
0.774753 0.774753 7.222574e+00 7.208387e-02
0.789064 0.789064 4.461142e+00 4.458216e-02
0.859412 0.859412 1.294303e+00 1.292891e-02
0.791136 0.791136 7.230354e+00 7.224107e-02
0.837427 0.837427 4.057008e+00 4.053210e-02
0.773343 0.773343 8.399663e+00 8.395627e-02
0.736222 0.736222 1.381376e+01 1.380138e-01
0.796161 0.796161 6.040699e+00 6.033712e-02
0.769384 0.769384 7.208848e+00 7.204410e-02
0.889752 0.889752 9.352782e-01 9.318425e-03
0.854605 0.854605 1.687051e+00 1.683173e-02
0.800109 0.800109 5.373542e+00 5.364874e-02
0.858729 0.858729 9.887207e-01 9.842448e-03
0.746093 0.746093 1.444530e+01 1.443589e-01
0.831963 0.831963 3.291268e+00 3.290968e-02
0.851704 0.851704 1.717125e+00 1.717100e-02
0.777162 0.777162 7.716702e+00 7.712332e-02
0.851911 0.851911 1.182691e+00 1.182159e-02
0.848821 0.848821 2.542838e+00 2.541735e-02
0.776864 0.776864 4.599457e+00 4.595567e-02
0.822712 0.822712 4.773961e+00 4.767375e-02
0.859434 0.859434 1.425605e+00 1.420041e-02
0.838895 0.838895 1.538552e+00 1.536149e-02
0.840041 0.840041 1.656026e+00 1.655600e-02
0.850749 0.850749 1.417152e+00 1.416852e-02
0.830125 0.830125 2.630504e+00 2.629369e-02
0.828504 0.828504 3.521504e+00 3.514416e-02
0.788558 0.788558 7.078710e+00 7.077064e-02
0.829653 0.829653 1.916267e+00 1.911324e-02
0.797895 0.797895 5.405359e+00 5.403117e-02
0.772075 0.772075 6.895453e+00 6.892752e-02
