0.722522 0.722522 7.156723e+00 7.155261e-02
0.776020 0.776020 2.400774e+00 2.399670e-02
0.778440 0.778440 2.278122e+00 2.277060e-02
0.763371 0.763371 2.136173e+00 2.133350e-02
0.816942 0.816942 2.442287e+00 2.438515e-02
0.814203 0.814203 1.032357e+00 1.030362e-02
0.763224 0.763224 4.217775e+00 4.215971e-02
0.815124 0.815124 2.402967e+00 2.401776e-02
0.740407 0.740407 3.898859e+00 3.898440e-02
0.746932 0.746932 4.158209e+00 4.156405e-02
0.789597 0.789597 1.564732e+00 1.562904e-02
0.793217 0.793217 3.260718e+00 3.255562e-02
0.768605 0.768605 1.752221e+00 1.751470e-02
0.748846 0.748846 2.455113e+00 2.452527e-02
0.751058 0.751058 3.125487e+00 3.124924e-02
0.774598 0.774598 4.149433e+00 4.147872e-02
0.841706 0.841706 9.136960e-01 9.107586e-03
0.744070 0.744070 5.743182e+00 5.738135e-02
0.761383 0.761383 3.052799e+00 3.051007e-02
0.785832 0.785832 1.905758e+00 1.905721e-02
0.705439 0.705439 5.767508e+00 5.766694e-02
0.799460 0.799460 2.281043e+00 2.279492e-02
0.867947 0.867947 8.537506e-01 8.526994e-03
0.791396 0.791396 2.063155e+00 2.059886e-02
0.788363 0.788363 2.111442e+00 2.110741e-02
0.824309 0.824309 8.767352e-01 8.759812e-03
0.766156 0.766156 3.238310e+00 3.234628e-02
0.803250 0.803250 1.639499e+00 1.637622e-02
0.830435 0.830435 9.944200e-01 9.934652e-03
0.821891 0.821891 8.697657e-01 8.683308e-03
0.823314 0.823314 1.732554e+00 1.730903e-02
0.827591 0.827591 1.115977e+00 1.113077e-02
0.801112 0.801112 2.496603e+00 2.495305e-02
0.790432 0.790432 3.669189e+00 3.669050e-02
0.792228 0.792228 1.904218e+00 1.903879e-02
0.776394 0.776394 1.502925e+00 1.502166e-02
0.807117 0.807117 1.637352e+00 1.636592e-02
0.828656 0.828656 9.180978e-01 9.177597e-03
0.821956 0.821956 2.488490e+00 2.487016e-02
0.699476 0.699476 5.235732e+00 5.234507e-02
0.783206 0.783206 2.464175e+00 2.458850e-02
0.785187 0.785187 1.923032e+00 1.919698e-02
0.769945 0.769945 3.717753e+00 3.717741e-02
0.766903 0.766903 7.747266e+00 7.745810e-02
0.817339 0.817339 1.428701e+00 1.428179e-02
0.841662 0.841662 1.101214e+00 1.100312e-02
0.806016 0.806016 1.449127e+00 1.447547e-02
0.838490 0.838490 1.335594e+00 1.333146e-02
0.821410 0.821410 1.550894e+00 1.550330e-02
0.736707 0.736707 3.154623e+00 3.153250e-02
0.803424 0.803424 1.902905e+00 1.902187e-02
0.823805 0.823805 2.614495e+00 2.611424e-02
0.783606 0.783606 6.555507e+00 6.550019e-02
0.814323 0.814323 2.453026e+00 2.451122e-02
0.831087 0.831087 7.481663e-01 7.469477e-03
0.835048 0.835048 1.012035e+00 1.010145e-02
0.815771 0.815771 1.380934e+00 1.379069e-02
0.810683 0.810683 3.377767e+00 3.375560e-02
0.796490 0.796490 2.240848e+00 2.238977e-02
0.843181 0.843181 8.829804e-01 8.803868e-03
0.742292 0.742292 5.916922e+00 5.916877e-02
0.794814 0.794814 4.734038e+00 4.731234e-02
0.821215 0.821215 1.338163e+00 1.334872e-02
0.843322 0.843322 1.001413e+00 9.987405e-03
0.714531 0.714531 1.124667e+01 1.124488e-01
0.804534 0.804534 2.744068e+00 2.743556e-02
0.822953 0.822953 1.791250e+00 1.787494e-02
0.828668 0.828668 1.019118e+00 1.016547e-02
0.725100 0.725100 2.176431e+00 2.174460e-02
0.782705 0.782705 1.603665e+00 1.603158e-02
0.741525 0.741525 4.345777e+00 4.343575e-02
0.864649 0.864649 1.010390e+00 1.009896e-02
0.783792 0.783792 1.478829e+00 1.476988e-02
0.769015 0.769015 5.005398e+00 5.004523e-02
0.786354 0.786354 2.226569e+00 2.224106e-02
0.719399 0.719399 1.044632e+01 1.043925e-01
0.799295 0.799295 2.360249e+00 2.358740e-02
0.822953 0.822953 1.047991e+00 1.047186e-02
0.773582 0.773582 2.877294e+00 2.874181e-02
0.816989 0.816989 2.450539e+00 2.448640e-02
0.806839 0.806839 3.776483e+00 3.773020e-02
0.793913 0.793913 2.665960e+00 2.661977e-02
0.868044 0.868044 9.350608e-01 9.325819e-03
0.782061 0.782061 1.688009e+00 1.687301e-02
0.743917 0.743917 3.348636e+00 3.348527e-02
0.850694 0.850694 9.992850e-01 9.950009e-03
0.773191 0.773191 3.742295e+00 3.739567e-02
0.752244 0.752244 4.600779e+00 4.596412e-02
0.769850 0.769850 4.980405e+00 4.979003e-02
0.709507 0.709507 1.656467e+00 1.656110e-02
0.791971 0.791971 1.505095e+00 1.504023e-02
0.862840 0.862840 7.602966e-01 7.587308e-03
0.791949 0.791949 1.936880e+00 1.934761e-02
0.773416 0.773416 2.528994e+00 2.525301e-02
0.821244 0.821244 1.478136e+00 1.475516e-02
0.793551 0.793551 1.503885e+00 1.502114e-02
0.771922 0.771922 2.685536e+00 2.682612e-02
0.797591 0.797591 9.870858e-01 9.850648e-03
0.835399 0.835399 1.080813e+00 1.080726e-02
0.814445 0.814445 1.424654e+00 1.420720e-02
0.860656 0.860656 7.810353e-01 7.781488e-03
0.797722 0.797722 2.276801e+00 2.276061e-02
0.766904 0.766904 1.991565e+00 1.990540e-02
0.861614 0.861614 1.515676e+00 1.513696e-02
0.837201 0.837201 2.345639e+00 2.339231e-02
0.854670 0.854670 1.250613e+00 1.243555e-02
0.794981 0.794981 2.577467e+00 2.577040e-02
0.793208 0.793208 3.829612e+00 3.827688e-02
0.765940 0.765940 7.475876e+00 7.465592e-02
0.736270 0.736270 3.398319e+00 3.396563e-02
0.759354 0.759354 4.589475e+00 4.586860e-02
0.752885 0.752885 3.731498e+00 3.731495e-02
0.755247 0.755247 5.901014e+00 5.895982e-02
0.761887 0.761887 1.923362e+00 1.923333e-02
0.810440 0.810440 3.261755e+00 3.261403e-02
0.798307 0.798307 9.756212e-01 9.748646e-03
0.747649 0.747649 7.404230e+00 7.399222e-02
0.801754 0.801754 2.283212e+00 2.281996e-02
0.768530 0.768530 3.770588e+00 3.768355e-02
0.842873 0.842873 9.608809e-01 9.593803e-03
0.841624 0.841624 1.190115e+00 1.188418e-02
0.914906 0.914906 4.078909e-01 4.037634e-03
0.753667 0.753667 3.477385e+00 3.475897e-02
0.814516 0.814516 1.444479e+00 1.442808e-02
0.775281 0.775281 1.642191e+00 1.638231e-02
0.829855 0.829855 1.720313e+00 1.715509e-02
0.773516 0.773516 4.545490e+00 4.543463e-02
0.784301 0.784301 2.966000e+00 2.964525e-02
0.780383 0.780383 2.707883e+00 2.705448e-02
0.822499 0.822499 1.589606e+00 1.587747e-02
0.741960 0.741960 4.606444e+00 4.603856e-02
0.806006 0.806006 1.747426e+00 1.745679e-02
0.811168 0.811168 1.397480e+00 1.396300e-02
0.834659 0.834659 9.611284e-01 9.567191e-03
0.881344 0.881344 7.441570e-01 7.414533e-03
0.742070 0.742070 9.225081e+00 9.224038e-02
0.880934 0.880934 7.157493e-01 7.132305e-03
0.736657 0.736657 6.653671e+00 6.648867e-02
0.839345 0.839345 1.113742e+00 1.113244e-02
0.748820 0.748820 1.628038e+00 1.626537e-02
0.816320 0.816320 1.120168e+00 1.120037e-02
0.804853 0.804853 1.729986e+00 1.727440e-02
0.790033 0.790033 2.668697e+00 2.663375e-02
0.790448 0.790448 4.590260e+00 4.589778e-02
0.808362 0.808362 3.756527e+00 3.755632e-02
0.866797 0.866797 1.030022e+00 1.027233e-02
0.721109 0.721109 9.448533e+00 9.445797e-02
0.787693 0.787693 3.278023e+00 3.276113e-02
0.796571 0.796571 3.113512e+00 3.111189e-02
0.861125 0.861125 9.023042e-01 9.017652e-03
0.795956 0.795956 2.192391e+00 2.189672e-02
0.872874 0.872874 6.218242e-01 6.201328e-03
0.793935 0.793935 2.052526e+00 2.052223e-02
0.807945 0.807945 2.374401e+00 2.372016e-02
0.808383 0.808383 4.201138e+00 4.198324e-02
0.759473 0.759473 1.683427e+00 1.682068e-02
0.723051 0.723051 3.563589e+00 3.559985e-02
0.755662 0.755662 5.912804e+00 5.910022e-02
0.800420 0.800420 1.739977e+00 1.737991e-02
0.824321 0.824321 1.751928e+00 1.750152e-02
0.885394 0.885394 6.734772e-01 6.705129e-03
0.807528 0.807528 1.315267e+00 1.313998e-02
0.845760 0.845760 5.768849e-01 5.746511e-03
0.796484 0.796484 1.506414e+00 1.504089e-02
0.777031 0.777031 3.987266e+00 3.984867e-02
0.739775 0.739775 6.286428e+00 6.284464e-02
0.750755 0.750755 1.363974e+00 1.362936e-02
0.767666 0.767666 4.036994e+00 4.035500e-02
0.719912 0.719912 2.155363e+00 2.154267e-02
0.841088 0.841088 7.080468e-01 7.039595e-03
0.856277 0.856277 7.771891e-01 7.771015e-03
0.774393 0.774393 2.848069e+00 2.847975e-02
0.868868 0.868868 8.711667e-01 8.671937e-03
0.835329 0.835329 1.099647e+00 1.099182e-02
0.812393 0.812393 3.535705e+00 3.535476e-02
0.786354 0.786354 2.467030e+00 2.465872e-02
0.851324 0.851324 1.055446e+00 1.049410e-02
0.798609 0.798609 1.167330e+00 1.164625e-02
0.774418 0.774418 2.423500e+00 2.423281e-02
0.779282 0.779282 3.559742e+00 3.556761e-02
0.754397 0.754397 4.518715e+00 4.516361e-02
0.750633 0.750633 3.766440e+00 3.764849e-02
0.779979 0.779979 8.485239e-01 8.463796e-03
0.822454 0.822454 2.609333e+00 2.608443e-02
0.842967 0.842967 6.231564e-01 6.214734e-03
0.815432 0.815432 1.379828e+00 1.377753e-02
0.785066 0.785066 2.058948e+00 2.056698e-02
0.830982 0.830982 1.590313e+00 1.585701e-02
0.854119 0.854119 1.009390e+00 1.006349e-02
0.808728 0.808728 3.271344e+00 3.267672e-02
0.864559 0.864559 7.501532e-01 7.454298e-03
0.782129 0.782129 1.735061e+00 1.733115e-02
0.799866 0.799866 2.704956e+00 2.704410e-02
0.802033 0.802033 1.747668e+00 1.747043e-02
0.763305 0.763305 4.538102e+00 4.537620e-02
0.845851 0.845851 1.183245e+00 1.178309e-02
0.802694 0.802694 2.139572e+00 2.136698e-02
0.855145 0.855145 1.024009e+00 1.023572e-02
0.793196 0.793196 2.739563e+00 2.738306e-02
0.725489 0.725489 2.798551e+00 2.796990e-02
0.828888 0.828888 1.170162e+00 1.167926e-02
0.793154 0.793154 1.899539e+00 1.898913e-02
0.808195 0.808195 2.084555e+00 2.083144e-02
0.842158 0.842158 1.375214e+00 1.373458e-02
0.774357 0.774357 3.179695e+00 3.179508e-02
0.765174 0.765174 3.574550e+00 3.570567e-02
0.814759 0.814759 1.729273e+00 1.725973e-02
0.785360 0.785360 3.462685e+00 3.459621e-02
0.718831 0.718831 3.963248e+00 3.959943e-02
0.869767 0.869767 6.659443e-01 6.658693e-03
0.801480 0.801480 1.678893e+00 1.676292e-02
0.773467 0.773467 1.673686e+00 1.671604e-02
0.848121 0.848121 9.966526e-01 9.950949e-03
0.807957 0.807957 1.044735e+00 1.042890e-02
0.805569 0.805569 1.945374e+00 1.944441e-02
0.766005 0.766005 3.438821e+00 3.438629e-02
0.796441 0.796441 2.643534e+00 2.641273e-02
0.848883 0.848883 7.212127e-01 7.202654e-03
0.878073 0.878073 5.100854e-01 5.092391e-03
0.743477 0.743477 4.833004e+00 4.828967e-02
0.691974 0.691974 4.915538e+00 4.914610e-02
0.788960 0.788960 2.466054e+00 2.465420e-02
0.820279 0.820279 1.530133e+00 1.529440e-02
0.812369 0.812369 3.629926e+00 3.624096e-02
0.893393 0.893393 4.353500e-01 4.321996e-03
0.797506 0.797506 1.349018e+00 1.347753e-02
0.740115 0.740115 4.025550e+00 4.024761e-02
0.800314 0.800314 4.261672e+00 4.256206e-02
0.755894 0.755894 5.434070e+00 5.432915e-02
0.828948 0.828948 1.604790e+00 1.602412e-02
0.814230 0.814230 1.334009e+00 1.332254e-02
0.760232 0.760232 2.863636e+00 2.862617e-02
0.778734 0.778734 2.581037e+00 2.580401e-02
0.801518 0.801518 1.549523e+00 1.549042e-02
0.791929 0.791929 1.137294e+00 1.136542e-02
0.837302 0.837302 6.569757e-01 6.558982e-03
0.715330 0.715330 4.542321e+00 4.538794e-02
0.768547 0.768547 3.584725e+00 3.576973e-02
0.873883 0.873883 8.671789e-01 8.650695e-03
0.770195 0.770195 2.150759e+00 2.150225e-02
0.766595 0.766595 2.340123e+00 2.339796e-02
0.798127 0.798127 2.063139e+00 2.061913e-02
0.814848 0.814848 1.667255e+00 1.665978e-02
0.798528 0.798528 2.410094e+00 2.408189e-02
0.871568 0.871568 7.053138e-01 7.036460e-03
0.779285 0.779285 3.378083e+00 3.377190e-02
0.804784 0.804784 1.756490e+00 1.753925e-02
0.782499 0.782499 2.228280e+00 2.225873e-02
0.757699 0.757699 2.550380e+00 2.549720e-02
0.834046 0.834046 9.687639e-01 9.666863e-03
0.809052 0.809052 1.992332e+00 1.989279e-02
0.773449 0.773449 2.542251e+00 2.537878e-02
0.755099 0.755099 2.337753e+00 2.337413e-02
0.759538 0.759538 2.174591e+00 2.174047e-02
0.776591 0.776591 3.057397e+00 3.055516e-02
0.792348 0.792348 2.082055e+00 2.077744e-02
0.769606 0.769606 3.937349e+00 3.935233e-02
0.759339 0.759339 6.617879e+00 6.617116e-02
0.809305 0.809305 1.640276e+00 1.638852e-02
0.787068 0.787068 1.589942e+00 1.589502e-02
0.795619 0.795619 1.689368e+00 1.686456e-02
0.741696 0.741696 3.281110e+00 3.279142e-02
0.791884 0.791884 2.971179e+00 2.966399e-02
0.809260 0.809260 2.685303e+00 2.682333e-02
0.669090 0.669090 3.207927e+01 3.207293e-01
0.793498 0.793498 2.090376e+00 2.088775e-02
0.780109 0.780109 3.658552e+00 3.656038e-02
0.801025 0.801025 2.331147e+00 2.326210e-02
0.792765 0.792765 1.151971e+00 1.151248e-02
0.799192 0.799192 2.421683e+00 2.419324e-02
0.863131 0.863131 9.727209e-01 9.709349e-03
0.743120 0.743120 6.827626e+00 6.822975e-02
0.932311 0.932311 3.810582e-01 3.790890e-03
0.772758 0.772758 8.132788e+00 8.131770e-02
0.750718 0.750718 3.213936e+00 3.212881e-02
0.792288 0.792288 1.087591e+00 1.087388e-02
0.780012 0.780012 1.934106e+00 1.931014e-02
0.819007 0.819007 1.566349e+00 1.563309e-02
0.829837 0.829837 1.520837e+00 1.519134e-02
0.801735 0.801735 2.297439e+00 2.296365e-02
0.828650 0.828650 1.437139e+00 1.434690e-02
0.773118 0.773118 1.911589e+00 1.908413e-02
0.821008 0.821008 2.126209e+00 2.125646e-02
0.805128 0.805128 1.365716e+00 1.365236e-02
0.764157 0.764157 5.810226e+00 5.809861e-02
0.753490 0.753490 5.647833e+00 5.644690e-02
0.810870 0.810870 1.496578e+00 1.495281e-02
0.826042 0.826042 1.702301e+00 1.696910e-02
0.788770 0.788770 5.199586e+00 5.194430e-02
0.823342 0.823342 1.035004e+00 1.034824e-02
0.840857 0.840857 1.270749e+00 1.268419e-02
0.765329 0.765329 3.023407e+00 3.023238e-02
0.800052 0.800052 1.409593e+00 1.409183e-02
0.788743 0.788743 1.503499e+00 1.502308e-02
0.896948 0.896948 6.010806e-01 5.949185e-03
0.848488 0.848488 1.235944e+00 1.231279e-02
0.815378 0.815378 1.699366e+00 1.696531e-02
0.803188 0.803188 1.291011e+00 1.289413e-02
0.825592 0.825592 1.120158e+00 1.116987e-02
0.764659 0.764659 3.031297e+00 3.029059e-02
0.790711 0.790711 1.531987e+00 1.531147e-02
0.803974 0.803974 1.657958e+00 1.656834e-02
0.787641 0.787641 3.870718e+00 3.868554e-02
0.807538 0.807538 5.332138e-01 5.326161e-03
0.804136 0.804136 1.487694e+00 1.484974e-02
0.739454 0.739454 4.574794e+00 4.572751e-02
0.777337 0.777337 2.580663e+00 2.579859e-02
0.843337 0.843337 6.679240e-01 6.674699e-03
0.809070 0.809070 1.541689e+00 1.541577e-02
0.765996 0.765996 5.459629e+00 5.458733e-02
0.839478 0.839478 1.695441e+00 1.691632e-02
0.809456 0.809456 3.372880e+00 3.367762e-02
0.775550 0.775550 5.393064e+00 5.390531e-02
0.801322 0.801322 2.386427e+00 2.381572e-02
0.712670 0.712670 1.269889e+01 1.269530e-01
0.854386 0.854386 1.262381e+00 1.256656e-02
0.829399 0.829399 1.470124e+00 1.468451e-02
0.834583 0.834583 6.262363e-01 6.250995e-03
0.747859 0.747859 3.560591e+00 3.560110e-02
0.789347 0.789347 2.834755e+00 2.832448e-02
0.780321 0.780321 1.282149e+00 1.281842e-02
0.804342 0.804342 1.700315e+00 1.699106e-02
0.802389 0.802389 3.193760e+00 3.190910e-02
0.875004 0.875004 7.579826e-01 7.571184e-03
0.757598 0.757598 6.462063e+00 6.459834e-02
0.826093 0.826093 1.249321e+00 1.248596e-02
0.851129 0.851129 1.225778e+00 1.222138e-02
0.783331 0.783331 1.711967e+00 1.711613e-02
0.801500 0.801500 1.974319e+00 1.972155e-02
0.838718 0.838718 9.873963e-01 9.852396e-03
0.870286 0.870286 7.399305e-01 7.355062e-03
0.791305 0.791305 1.684540e+00 1.684274e-02
0.813819 0.813819 1.149389e+00 1.148655e-02
0.800264 0.800264 2.998618e+00 2.996188e-02
0.765936 0.765936 3.777926e+00 3.777489e-02
0.796421 0.796421 4.567547e+00 4.566140e-02
0.815387 0.815387 1.294460e+00 1.292037e-02
0.739792 0.739792 2.515056e+00 2.514788e-02
0.796058 0.796058 2.144230e+00 2.142320e-02
0.884634 0.884634 5.657437e-01 5.648834e-03
0.769973 0.769973 2.674419e+00 2.673187e-02
0.837798 0.837798 1.035371e+00 1.030640e-02
0.768481 0.768481 2.381329e+00 2.380406e-02
0.803356 0.803356 1.134521e+00 1.134340e-02
0.769285 0.769285 3.392613e+00 3.388227e-02
0.859850 0.859850 9.111050e-01 9.095242e-03
0.721686 0.721686 1.215974e+01 1.215522e-01
0.802565 0.802565 1.659314e+00 1.655439e-02
0.887260 0.887260 5.352452e-01 5.328205e-03
0.748123 0.748123 2.267908e+00 2.267145e-02
0.758999 0.758999 4.712776e+00 4.710330e-02
0.767612 0.767612 3.834877e+00 3.834651e-02
0.806881 0.806881 2.058139e+00 2.055742e-02
0.744150 0.744150 5.023873e+00 5.020776e-02
0.873471 0.873471 8.025562e-01 8.018844e-03
0.748790 0.748790 4.931160e+00 4.930998e-02
0.759520 0.759520 5.072504e+00 5.066081e-02
0.756957 0.756957 4.083615e+00 4.082980e-02
0.785713 0.785713 3.127894e+00 3.127783e-02
0.750521 0.750521 4.092387e+00 4.090820e-02
0.770942 0.770942 1.551457e+00 1.551254e-02
0.765484 0.765484 4.329869e+00 4.324319e-02
0.861536 0.861536 9.683471e-01 9.679902e-03
0.799308 0.799308 1.071337e+00 1.069380e-02
0.799418 0.799418 9.807011e-01 9.788975e-03
0.794816 0.794816 4.022301e+00 4.020177e-02
0.787947 0.787947 1.616796e+00 1.613983e-02
0.761400 0.761400 5.486961e+00 5.481519e-02
0.816026 0.816026 1.874586e+00 1.872729e-02
0.751335 0.751335 2.573314e+00 2.572531e-02
0.779890 0.779890 1.405622e+00 1.405385e-02
0.844755 0.844755 9.828920e-01 9.820134e-03
0.774748 0.774748 1.036732e+00 1.036533e-02
0.832108 0.832108 1.512642e+00 1.512280e-02
0.794622 0.794622 1.587970e+00 1.587753e-02
0.777628 0.777628 1.982755e+00 1.982520e-02
0.862980 0.862980 8.487944e-01 8.465528e-03
0.814708 0.814708 1.362415e+00 1.361470e-02
0.736117 0.736117 5.686326e+00 5.684301e-02
0.786422 0.786422 2.582541e+00 2.581957e-02
0.832128 0.832128 9.761379e-01 9.728114e-03
0.837054 0.837054 9.108177e-01 9.084704e-03
0.784033 0.784033 6.802349e+00 6.794981e-02
0.812390 0.812390 3.226391e+00 3.223504e-02
0.850406 0.850406 1.523773e+00 1.520485e-02
0.767682 0.767682 2.453655e+00 2.449206e-02
0.865754 0.865754 8.266671e-01 8.259094e-03
0.874146 0.874146 5.255423e-01 5.231566e-03
0.815681 0.815681 1.405740e+00 1.404904e-02
0.762628 0.762628 3.159022e+00 3.157441e-02
0.841904 0.841904 7.810976e-01 7.799379e-03
0.708087 0.708087 7.599823e+00 7.597827e-02
0.792194 0.792194 4.266208e+00 4.261922e-02
0.812896 0.812896 1.326531e+00 1.324067e-02
0.771524 0.771524 9.421019e-01 9.400873e-03
0.748967 0.748967 4.207361e+00 4.206782e-02
0.713630 0.713630 7.785401e+00 7.783755e-02
0.853364 0.853364 1.076570e+00 1.074454e-02
0.810005 0.810005 2.643417e+00 2.638086e-02
0.789370 0.789370 1.852696e+00 1.852261e-02
0.758798 0.758798 3.658849e+00 3.657923e-02
0.766195 0.766195 2.465125e+00 2.462783e-02
0.718771 0.718771 3.049701e+00 3.048198e-02
0.807840 0.807840 1.993414e+00 1.990161e-02
0.826919 0.826919 1.077081e+00 1.076971e-02
0.858285 0.858285 8.083602e-01 8.074484e-03
0.740302 0.740302 4.403461e+00 4.400187e-02
0.842541 0.842541 9.026737e-01 8.978677e-03
0.841388 0.841388 7.828696e-01 7.811139e-03
0.762239 0.762239 4.354845e+00 4.351626e-02
0.787908 0.787908 3.731037e+00 3.729890e-02
0.789353 0.789353 2.910816e+00 2.909504e-02
0.837302 0.837302 9.337056e-01 9.318396e-03
0.742086 0.742086 5.877865e+00 5.876863e-02
0.767455 0.767455 5.135320e+00 5.135258e-02
0.869687 0.869687 6.476134e-01 6.435682e-03
0.770538 0.770538 3.306539e+00 3.304056e-02
0.799440 0.799440 5.099281e+00 5.096781e-02
0.800362 0.800362 3.707518e+00 3.701749e-02
0.793880 0.793880 4.245730e+00 4.236957e-02
0.832094 0.832094 7.878435e-01 7.862926e-03
0.853051 0.853051 6.611341e-01 6.579170e-03
0.759384 0.759384 3.157577e+00 3.155090e-02
0.821254 0.821254 1.936690e+00 1.931690e-02
0.762446 0.762446 1.414581e+00 1.414277e-02
0.819473 0.819473 2.005775e+00 2.003728e-02
0.832633 0.832633 9.706668e-01 9.706183e-03
0.785469 0.785469 3.133080e+00 3.131632e-02
0.754636 0.754636 2.469400e+00 2.467117e-02
0.804262 0.804262 2.081909e+00 2.080992e-02
0.834452 0.834452 1.891238e+00 1.890885e-02
0.856161 0.856161 6.069519e-01 6.066263e-03
0.813377 0.813377 1.001845e+00 1.001388e-02
0.748720 0.748720 4.611220e+00 4.609055e-02
0.801710 0.801710 3.051915e+00 3.050381e-02
0.764321 0.764321 4.023575e+00 4.022939e-02
0.726568 0.726568 3.466211e+00 3.464593e-02
0.783714 0.783714 3.510478e+00 3.508780e-02
0.761692 0.761692 2.769784e+00 2.766744e-02
0.756279 0.756279 2.855486e+00 2.851536e-02
0.830177 0.830177 1.775129e+00 1.769268e-02
0.788208 0.788208 4.857013e+00 4.850334e-02
0.803417 0.803417 1.035981e+00 1.034526e-02
0.727623 0.727623 7.266338e+00 7.265752e-02
0.736985 0.736985 2.349443e+00 2.348716e-02
0.798932 0.798932 1.548383e+00 1.547969e-02
0.851589 0.851589 7.111055e-01 7.109390e-03
0.825335 0.825335 1.099784e+00 1.099285e-02
0.848119 0.848119 1.300060e+00 1.296649e-02
0.744022 0.744022 1.178578e+00 1.177766e-02
0.801625 0.801625 2.045166e+00 2.043565e-02
0.816917 0.816917 8.276144e-01 8.248371e-03
0.777308 0.777308 2.989710e+00 2.989471e-02
0.819497 0.819497 3.061735e+00 3.058177e-02
0.787631 0.787631 1.971390e+00 1.970988e-02
0.813730 0.813730 1.293971e+00 1.290723e-02
0.816573 0.816573 1.143696e+00 1.143549e-02
0.754924 0.754924 7.541425e+00 7.536832e-02
0.811342 0.811342 1.781934e+00 1.780740e-02
0.765288 0.765288 2.958247e+00 2.956881e-02
0.790139 0.790139 3.956152e+00 3.956018e-02
0.825378 0.825378 7.775251e-01 7.774130e-03
0.782696 0.782696 2.765783e+00 2.764700e-02
0.874761 0.874761 5.633562e-01 5.607532e-03
0.712527 0.712527 8.207665e+00 8.206402e-02
0.894234 0.894234 5.346291e-01 5.289461e-03
0.809588 0.809588 1.020431e+00 1.019825e-02
0.808780 0.808780 7.410765e-01 7.403339e-03
0.758875 0.758875 1.965937e+00 1.963110e-02
0.811771 0.811771 1.001531e+00 1.001504e-02
0.770304 0.770304 3.018757e+00 3.016116e-02
0.794500 0.794500 1.429999e+00 1.429071e-02
0.709528 0.709528 4.373866e+00 4.373722e-02
0.857338 0.857338 1.566796e+00 1.561902e-02
0.708110 0.708110 5.204097e+00 5.200709e-02
0.852970 0.852970 6.797291e-01 6.788440e-03
0.757454 0.757454 2.400111e+00 2.398197e-02
0.765631 0.765631 3.786827e+00 3.780684e-02
0.742116 0.742116 3.284638e+00 3.282957e-02
0.828250 0.828250 9.841201e-01 9.827871e-03
0.798394 0.798394 1.074909e+00 1.074895e-02
0.738084 0.738084 3.481628e+00 3.480514e-02
0.720405 0.720405 1.159404e+01 1.158319e-01
0.745761 0.745761 2.848315e+00 2.847289e-02
0.846881 0.846881 1.188060e+00 1.186784e-02
0.744396 0.744396 1.436588e+00 1.436354e-02
0.794463 0.794463 5.060566e+00 5.055639e-02
0.809098 0.809098 3.057670e+00 3.055948e-02
0.773893 0.773893 3.711982e+00 3.710655e-02
0.778593 0.778593 2.014698e+00 2.011438e-02
0.788729 0.788729 1.898446e+00 1.897285e-02
0.678799 0.678799 1.002212e+01 1.002080e-01
0.766331 0.766331 2.083654e+00 2.082664e-02
0.853962 0.853962 6.984507e-01 6.954598e-03
0.832022 0.832022 1.251975e+00 1.250988e-02
0.827313 0.827313 9.207093e-01 9.187882e-03
0.822403 0.822403 1.091606e+00 1.089642e-02
0.828283 0.828283 1.731905e+00 1.731673e-02
0.781328 0.781328 2.355554e+00 2.352740e-02
0.794180 0.794180 1.177158e+00 1.177122e-02
